Space weather/ckmg0760.15i
     1.0            IONOSPHERE MAPS     GNSS                IONEX VERSION / TYPE
BIMINX V5.3         AIUB                22-MAR-15 07:58     PGM / RUN BY / DATE 
CODE'S KLOBUCHAR-STYLE IONOSPHERE MODEL FOR DAY 076, 2015   COMMENT             
  2015     3    17     0     0     0                        EPOCH OF FIRST MAP  
  2015     3    18     0     0     0                        EPOCH OF LAST MAP   
  3600                                                      INTERVAL            
    25                                                      # OF MAPS IN FILE   
  NONE                                                      MAPPING FUNCTION    
     0.0                                                    ELEVATION CUTOFF    
                                                            OBSERVABLES USED    
  6371.0                                                    BASE RADIUS         
     2                                                      MAP DIMENSION       
   350.0 350.0   0.0                                        HGT1 / HGT2 / DHGT  
    87.5 -87.5  -2.5                                        LAT1 / LAT2 / DLAT  
  -180.0 180.0   5.0                                        LON1 / LON2 / DLON  
    -1                                                      EXPONENT            
TEC/RMS values in 0.1 TECU; 9999, if no value available     COMMENT             
                                                            END OF HEADER       
[from data line 3003]
     8                                                      START OF TEC MAP    
  2015     3    17     7     0     0                        EPOCH OF CURRENT MAP
    87.5-180.0 180.0   5.0 350.0                            LAT/LON1/LON2/DLON/H
   92   92   92   92   92   92   92   92   92   92   92   92   92   92   92   92
   92   92   92   92   92   92   92   92   92   92   92   92   92   92   92   92
   92   92   92   92   92   92   92   92   92   92   92   92   92   92   92   92
   92   92   92   92   92   92   92   92   92   92   92   92   92   92   92   92
   92   92   92   92   92   92   92   92   92
    85.0-180.0 180.0   5.0 350.0                            LAT/LON1/LON2/DLON/H
   92   92   92   92   92   92   92   92   92   92   92   92   92   92   92   92
   92   92   92   92   92   92   92   92   92   92   92   92   92   92   92   92
   92   92   92   92   92   92   92   92   92   92   92   92   92   92   92   92
   92   92   92   92   92   92   92   92   92   92   92   92   92   92   92   92
   92   92   92   92   92   92   92   92   92
    82.5-180.0 180.0   5.0 350.0                            LAT/LON1/LON2/DLON/H
   92   92   92   92   92   92   92   92   92   92   92   92   92   92   92   92
   92   92   92   92   92   92   92   92   92   92   92   92   92   92   92   92
   92   92   92   92   92   92   92   92   92   92   92   92   92   92   92   92
   92   92   92   92   92   92   92   92   92   92   92   92   92   92   92   92
   92   92   92   92   92   92   92   92   92
    80.0-180.0 180.0   5.0 350.0                            LAT/LON1/LON2/DLON/H
   92   92   92   92   92   92   92   92   92   92   92   92   92   92   92   92
   92   92   92   92   92   92   92   92   92   92   92   92   92   92   92   92
   92   92   92   92   92   92   92   92   92   92   92   92   92   92   92   92
   92   92   92   92   92   92   92   92   92   92   92   92   92   92   92   92
   92   92   92   92   92   92   92   92   92
    77.5-180.0 180.0   5.0 350.0                            LAT/LON1/LON2/DLON/H
   92   92   92   92   92   92   92   92   92   92   92   92   92   92   92   92
   92   92   92   92   92   92   92   92   92   92   92   92   92   92   92   92
   92   92   92   92   92   92   92   92   92   92   92   92   92   92   92   92
   92   92   92   92   92   92   92   92   92   92   92   92   92   92   92   92
   92   92   92   92   92   92   92   92   92
    75.0-180.0 180.0   5.0 350.0                            LAT/LON1/LON2/DLON/H
   92   92   92   92   92   92   92   92   92   92   92   92   92   92   92   92
   92   92   92   92   92   92   92   92   92   92   92   92   92   92   92   92
   92   92   92   92   92   92   92   92   92   92   92   92   92   92   92   92
   92   92   92   92   92   92   92   92   92   92   92   92   92   92   92   92
   92   92   92   92   92   92   92   92   92
    72.5-180.0 180.0   5.0 350.0                            LAT/LON1/LON2/DLON/H
   92   92   92   92   92   92   92   92   92   92   92   92   92   92   92   92
   92   92   92   92   92   92   92   92   92   92   92   92   92   92   92   92
   92   92   92   92   92   92   92   92   92   92   92   92   92   92   92   92
   92   92   92   92   92   92   92   92   92   92   92   92   92   92   92   92
   92   92   92   92   92   92   92   92   92
    70.0-180.0 180.0   5.0 350.0                            LAT/LON1/LON2/DLON/H
   92   92   92   92   92   92   92   92   92   92   92   92   92   92   92   92
   92   92   92   92   92   92   92   92   92   92   92   92   92   92   92   92
   92   92   92   92   92   92   92   92   92   92   92   92   92   92   92   92
   92   92   92   92   92   92   92   92   92   92   92   92   92   92   92   92
   92   92   92   92   92   92   92   92   92
    67.5-180.0 180.0   5.0 350.0                            LAT/LON1/LON2/DLON/H
   92   92   92   92   92   92   92   92   92   92   92   92   92   92   92   92
   92   92   92   92   92   92   92   92   92   92   92   92   92   92   92   92
   92   92   92   92   92   92   92   92   92   92   92   92   92   92   92   92
   92   92   92   92   92   92   92   97  104  108  110  109  105  100   92   92
   92   92   92   92   92   92   92   92   92
    65.0-180.0 180.0   5.0 350.0                            LAT/LON1/LON2/DLON/H
   92   92   92   92   92   92   92   92   92   92   92   92   92   92   92   92
   92   92   92   92   92   92   92   92   92   92   92   92   92   92   92   92
   92   92   92   92   92   92   92   92   92   92   92   92   92   92   92   92
   92   92   99  115  130  143  155  165  172  176  177  176  171  165  155  144
  131  118  104   92   92   92   92   92   92
    62.5-180.0 180.0   5.0 350.0                            LAT/LON1/LON2/DLON/H
   92   92   92   92   92   92   92   92   92   92   92   92   92   92   92   92
   92   92   92   92   92   92   92   92   92   92   92   92   92   92   92   92
   92   92   92   92   92   92   92   92   92   92   92   92   92   92   92  102
  120  138  156  174  191  206  218  228  235  239  240  238  233  225  215  202
  187  171  154  137  120  105   93   92   92
    60.0-180.0 180.0   5.0 350.0                            LAT/LON1/LON2/DLON/H
   98   92   92   92   92   92   92   92   92   92   92   92   92   92   92   92
   92   92   92   92   92   92   92   92   92   92   92   92   92   92   92   92
   92   92   92   92   92   92   92   92   92   92   92   92   97  111  129  149
  170  191  211  231  248  264  277  287  294  298  299  296  291  282  271  257
  241  223  203  183  163  143  126  110   98
    57.5-180.0 180.0   5.0 350.0                            LAT/LON1/LON2/DLON/H
  122  108   98   93   92   92   92   92   92   92   92   92   92   92   92   92
   92   92   92   92   92   92   92   92   92   92   92   92   92   92   92   92
   92   92   92   92   92   92   92   92   92   92  100  113  130  150  172  195
  218  241  264  284  302  318  331  342  349  353  353  350  345  335  323  309
  291  272  251  229  205  183  160  140  122
    55.0-180.0 180.0   5.0 350.0                            LAT/LON1/LON2/DLON/H
  149  129  112  100   92   92   92   92   92   92   92   92   92   92   92   92
   92   92   92   92   92   92   92   92   92   92   92   92   92   92   92   92
   92   92   92   92   92   92   92   93   98  108  124  143  165  189  214  240
  265  290  313  334  353  369  382  392  399  403  403  400  394  385  372  357
  339  319  297  273  247  222  196  172  149
    52.5-180.0 180.0   5.0 350.0                            LAT/LON1/LON2/DLON/H
  179  154  132  113   98   92   92   92   92   92   92   92   92   92   92   92
   92   92   92   92   92   92   92   92   92   92   92   92   92   92   92   92
   92   92   92   92   92   92   92  100  113  130  151  175  201  228  256  284
  310  336  359  381  400  416  429  439  445  449  449  446  440  430  418  402
  384  363  340  315  288  261  233  205  179
    50.0-180.0 180.0   5.0 350.0                            LAT/LON1/LON2/DLON/H
  210  181  155  131  110   93   92   92   92   92   92   92   92   92   92   92
   92   92   92   92   92   92   92   92   92   92   92   92   92   92   92   92
   92   92   92   92   92   92   99  113  132  155  181  208  237  267  296  325
  353  379  403  424  443  459  471  481  488  491  491  488  482  472  459  444
  425  404  381  355  328  299  269  239  210
    47.5-180.0 180.0   5.0 350.0                            LAT/LON1/LON2/DLON/H
  242  210  180  152  127  104   92   92   92   92   92   92   92   92   92   92
   92   92   92   92   92   92   92   92   92   92   92   92   92   92   92   92
   92   92   92   92   92   94  111  131  155  183  212  242  274  305  335  365
  393  419  443  464  482  498  510  520  526  529  529  526  520  510  498  482
  464  443  419  393  365  336  305  273  242
    45.0-180.0 180.0   5.0 350.0                            LAT/LON1/LON2/DLON/H
  273  240  207  176  147  120   96   92   92   92   92   92   92   92   92   92
   92   92   92   92   92   92   92   92   92   92   92   92   92   92   92   92
   92   92   92   92   92  105  127  153  181  212  243  276  309  341  373  402
  430  456  480  501  519  534  546  555  561  564  564  560  554  545  532  517
  499  478  455  429  401  371  339  307  273
    42.5-180.0 180.0   5.0 350.0                            LAT/LON1/LON2/DLON/H
  305  270  235  202  169  138  110   92   92   92   92   92   92   92   92   92
   92   92   92   92   92   92   92   92   92   92   92   92   92   92   92   92
   92   92   92   92   97  120  147  177  208  241  275  309  343  376  407  437
  465  491  513  534  551  566  578  586  592  595  594  591  585  576  564  549
  531  510  487  462  434  404  372  339  305
    40.0-180.0 180.0   5.0 350.0                            LAT/LON1/LON2/DLON/H
  335  299  264  228  193  160  128   99   92   92   92   92   92   92   92   92
   92   92   92   92   92   92   92   92   92   92   92   92   92   92   92   92
   92   92   92   92  111  139  170  202  236  271  306  341  376  409  440  469
  497  522  544  564  581  595  606  614  620  622  622  619  612  603  592  577
  560  540  517  492  464  434  403  369  335
    37.5-180.0 180.0   5.0 350.0                            LAT/LON1/LON2/DLON/H
  364  328  291  255  218  183  148  116   92   92   92   92   92   92   92   92
   92   92   92   92   92   92   92   92   92   92   92   92   92   92   92   92
   92   92   92  101  129  161  194  229  264  301  337  372  406  439  470  499
  526  550  571  590  607  620  631  639  644  646  646  642  637  628  616  602
  585  566  544  519  492  463  431  398  364
    35.0-180.0 180.0   5.0 350.0                            LAT/LON1/LON2/DLON/H
  391  355  318  281  243  206  170  135  103   92   92   92   92   92   92   92
   92   92   92   92   92   92   92   92   92   92   92   92   92   92   92   92
   92   92   92  118  150  184  219  255  292  329  365  401  435  467  497  526
  551  575  596  614  629  642  652  660  665  667  666  663  657  649  638  624
  608  589  568  544  517  489  458  425  391
    32.5-180.0 180.0   5.0 350.0                            LAT/LON1/LON2/DLON/H
  416  381  344  306  268  230  193  156  121   92   92   92   92   92   92   92
   92   92   92   92   92   92   92   92   92   92   92   92   92   92   92   92
   92   92  105  137  171  207  244  282  319  356  392  427  461  493  522  549
  574  597  617  634  649  661  671  678  682  684  684  681  675  667  656  643
  627  609  589  565  540  512  482  450  416
    30.0-180.0 180.0   5.0 350.0                            LAT/LON1/LON2/DLON/H
  439  404  368  331  292  254  215  177  141  106   92   92   92   92   92   92
   92   92   92   92   92   92   92   92   92   92   92   92   92   92   92   92
   92   92  123  158  194  231  269  307  345  382  418  452  485  515  544  571
  594  616  635  652  666  677  686  693  697  699  698  695  690  682  672  659
  644  627  607  584  560  533  504  472  439
    27.5-180.0 180.0   5.0 350.0                            LAT/LON1/LON2/DLON/H
  460  426  390  353  315  277  238  199  161  124   92   92   92   92   92   92
   92   92   92   92   92   92   92   92   92   92   92   92   92   92   92   92
   92  108  143  179  217  255  293  331  369  405  440  474  506  536  563  589
  612  632  650  666  679  690  699  705  709  710  710  707  701  694  684  672
  658  641  622  601  577  551  523  492  460
    25.0-180.0 180.0   5.0 350.0                            LAT/LON1/LON2/DLON/H
  479  445  410  374  337  298  259  220  182  144  107   92   92   92   92   92
   92   92   92   92   92   92   92   92   92   92   92   92   92   92   92   92
   93  127  164  201  239  278  316  354  391  427  461  494  525  553  580  604
  626  646  663  678  690  700  708  714  718  719  718  715  710  703  694  682
  669  653  634  614  591  566  539  510  479
    22.5-180.0 180.0   5.0 350.0                            LAT/LON1/LON2/DLON/H
  495  463  429  393  356  318  280  241  202  164  126   92   92   92   92   92
   92   92   92   92   92   92   92   92   92   92   92   92   92   92   92   92
  111  147  184  222  261  299  337  375  411  446  480  511  541  568  594  617
  638  656  673  687  698  708  715  721  724  725  724  721  717  710  701  690
  677  662  644  625  603  579  553  525  495
    20.0-180.0 180.0   5.0 350.0                            LAT/LON1/LON2/DLON/H
  508  477  445  410  374  337  299  260  221  183  145  107   92   92   92   92
   92   92   92   92   92   92   92   92   92   92   92   92   92   92   92   94
  130  167  204  243  281  319  357  394  429  463  496  526  555  581  605  627
  647  664  680  693  704  713  720  725  728  729  728  725  720  714  705  695
  682  668  651  633  612  589  564  537  508
    17.5-180.0 180.0   5.0 350.0                            LAT/LON1/LON2/DLON/H
  520  490  458  425  390  354  316  278  240  201  163  125   92   92   92   92
   92   92   92   92   92   92   92   92   92   92   92   92   92   92   92  112
  148  186  224  262  300  338  375  410  445  478  509  538  566  591  614  635
  653  670  684  696  707  715  721  726  729  730  729  726  722  715  707  697
  686  672  656  638  619  597  573  547  520
    15.0-180.0 180.0   5.0 350.0                            LAT/LON1/LON2/DLON/H
  528  500  469  437  403  368  332  295  257  218  180  142  105   92   92   92
   92   92   92   92   92   92   92   92   92   92   92   92   92   92   94  129
  166  204  242  280  317  354  390  425  458  490  520  548  574  598  620  640
  657  673  686  698  707  715  721  725  728  728  727  725  720  714  707  697
  686  673  658  642  623  602  580  555  528
    12.5-180.0 180.0   5.0 350.0                            LAT/LON1/LON2/DLON/H
  535  507  478  447  415  381  345  309  272  234  196  159  121   92   92   92
   92   92   92   92   92   92   92   92   92   92   92   92   92   92  110  147
  184  221  259  296  333  369  404  438  470  500  529  556  580  603  624  642
  659  673  686  697  706  713  718  722  724  725  724  721  717  711  704  695
  685  672  658  642  625  605  584  560  535
    10.0-180.0 180.0   5.0 350.0                            LAT/LON1/LON2/DLON/H
  539  513  485  455  424  391  357  322  285  248  211  174  137  100   92   92
   92   92   92   92   92   92   92   92   92   92   92   92   92   92  126  163
  199  237  274  310  346  381  415  448  479  508  535  561  584  605  625  642
  658  671  683  693  702  708  713  717  719  719  718  716  712  706  699  691
  681  669  656  641  624  606  585  563  539
     7.5-180.0 180.0   5.0 350.0                            LAT/LON1/LON2/DLON/H
  541  516  489  461  431  399  366  332  297  261  224  188  151  115   92   92
   92   92   92   92   92   92   92   92   92   92   92   92   92  106  141  177
  214  250  287  323  358  392  424  455  485  513  539  563  585  606  624  640
  655  668  679  688  696  702  706  709  711  712  710  708  704  699  693  685
  675  664  652  637  622  604  585  564  541
     5.0-180.0 180.0   5.0 350.0                            LAT/LON1/LON2/DLON/H
  540  517  491  464  436  405  374  341  306  271  236  200  164  128   92   92
   92   92   92   92   92   92   92   92   92   92   92   92   92  120  155  191
  227  263  298  333  367  400  431  461  489  516  541  564  584  604  621  636
  650  662  672  681  688  693  697  700  702  702  701  699  695  690  684  676
  667  657  645  632  617  600  582  562  540
     2.5-180.0 180.0   5.0 350.0                            LAT/LON1/LON2/DLON/H
  538  515  491  465  438  409  379  347  314  280  245  210  175  139  104   92
   92   92   92   92   92   92   92   92   92   92   92   92   98  132  167  203
  238  273  307  341  374  405  436  464  491  517  540  562  581  599  616  630
  643  654  663  671  678  683  687  689  691  691  690  687  684  679  673  666
  658  648  637  624  610  594  577  558  538
