Space weather/ckmg0760.15i
     1.0            IONOSPHERE MAPS     GNSS                IONEX VERSION / TYPE
BIMINX V5.3         AIUB                22-MAR-15 07:58     PGM / RUN BY / DATE 
CODE'S KLOBUCHAR-STYLE IONOSPHERE MODEL FOR DAY 076, 2015   COMMENT             
  2015     3    17     0     0     0                        EPOCH OF FIRST MAP  
  2015     3    18     0     0     0                        EPOCH OF LAST MAP   
  3600                                                      INTERVAL            
    25                                                      # OF MAPS IN FILE   
  NONE                                                      MAPPING FUNCTION    
     0.0                                                    ELEVATION CUTOFF    
                                                            OBSERVABLES USED    
  6371.0                                                    BASE RADIUS         
     2                                                      MAP DIMENSION       
   350.0 350.0   0.0                                        HGT1 / HGT2 / DHGT  
    87.5 -87.5  -2.5                                        LAT1 / LAT2 / DLAT  
  -180.0 180.0   5.0                                        LON1 / LON2 / DLON  
    -1                                                      EXPONENT            
TEC/RMS values in 0.1 TECU; 9999, if no value available     COMMENT             
                                                            END OF HEADER       
[from data line 2574]
     7                                                      START OF TEC MAP    
  2015     3    17     6     0     0                        EPOCH OF CURRENT MAP
    87.5-180.0 180.0   5.0 350.0                            LAT/LON1/LON2/DLON/H
   92   92   92   92   92   92   92   92   92   92   92   92   92   92   92   92
   92   92   92   92   92   92   92   92   92   92   92   92   92   92   92   92
   92   92   92   92   92   92   92   92   92   92   92   92   92   92   92   92
   92   92   92   92   92   92   92   92   92   92   92   92   92   92   92   92
   92   92   92   92   92   92   92   92   92
    85.0-180.0 180.0   5.0 350.0                            LAT/LON1/LON2/DLON/H
   92   92   92   92   92   92   92   92   92   92   92   92   92   92   92   92
   92   92   92   92   92   92   92   92   92   92   92   92   92   92   92   92
   92   92   92   92   92   92   92   92   92   92   92   92   92   92   92   92
   92   92   92   92   92   92   92   92   92   92   92   92   92   92   92   92
   92   92   92   92   92   92   92   92   92
    82.5-180.0 180.0   5.0 350.0                            LAT/LON1/LON2/DLON/H
   92   92   92   92   92   92   92   92   92   92   92   92   92   92   92   92
   92   92   92   92   92   92   92   92   92   92   92   92   92   92   92   92
   92   92   92   92   92   92   92   92   92   92   92   92   92   92   92   92
   92   92   92   92   92   92   92   92   92   92   92   92   92   92   92   92
   92   92   92   92   92   92   92   92   92
    80.0-180.0 180.0   5.0 350.0                            LAT/LON1/LON2/DLON/H
   92   92   92   92   92   92   92   92   92   92   92   92   92   92   92   92
   92   92   92   92   92   92   92   92   92   92   92   92   92   92   92   92
   92   92   92   92   92   92   92   92   92   92   92   92   92   92   92   92
   92   92   92   92   92   92   92   92   92   92   92   92   92   92   92   92
   92   92   92   92   92   92   92   92   92
    77.5-180.0 180.0   5.0 350.0                            LAT/LON1/LON2/DLON/H
   92   92   92   92   92   92   92   92   92   92   92   92   92   92   92   92
   92   92   92   92   92   92   92   92   92   92   92   92   92   92   92   92
   92   92   92   92   92   92   92   92   92   92   92   92   92   92   92   92
   92   92   92   92   92   92   92   92   92   92   92   92   92   92   92   92
   92   92   92   92   92   92   92   92   92
    75.0-180.0 180.0   5.0 350.0                            LAT/LON1/LON2/DLON/H
   92   92   92   92   92   92   92   92   92   92   92   92   92   92   92   92
   92   92   92   92   92   92   92   92   92   92   92   92   92   92   92   92
   92   92   92   92   92   92   92   92   92   92   92   92   92   92   92   92
   92   92   92   92   92   92   92   92   92   92   92   92   92   92   92   92
   92   92   92   92   92   92   92   92   92
    72.5-180.0 180.0   5.0 350.0                            LAT/LON1/LON2/DLON/H
   92   92   92   92   92   92   92   92   92   92   92   92   92   92   92   92
   92   92   92   92   92   92   92   92   92   92   92   92   92   92   92   92
   92   92   92   92   92   92   92   92   92   92   92   92   92   92   92   92
   92   92   92   92   92   92   92   92   92   92   92   92   92   92   92   92
   92   92   92   92   92   92   92   92   92
    70.0-180.0 180.0   5.0 350.0                            LAT/LON1/LON2/DLON/H
   92   92   92   92   92   92   92   92   92   92   92   92   92   92   92   92
   92   92   92   92   92   92   92   92   92   92   92   92   92   92   92   92
   92   92   92   92   92   92   92   92   92   92   92   92   92   92   92   92
   92   92   92   92   92   92   92   92   92   92   92   92   92   92   92   92
   92   92   92   92   92   92   92   92   92
    67.5-180.0 180.0   5.0 350.0                            LAT/LON1/LON2/DLON/H
   92   92   92   92   92   92   92   92   92   92   92   92   92   92   92   92
   92   92   92   92   92   92   92   92   92   92   92   92   92   92   92   92
   92   92   92   92   92   92   92   92   92   92   92   92   92   92   92   92
   92   92   92   92   92   92   92   97  103  108  110  109  106  100   92   92
   92   92   92   92   92   92   92   92   92
    65.0-180.0 180.0   5.0 350.0                            LAT/LON1/LON2/DLON/H
   92   92   92   92   92   92   92   92   92   92   92   92   92   92   92   92
   92   92   92   92   92   92   92   92   92   92   92   92   92   92   92   92
   92   92   92   92   92   92   92   92   92   92   92   92   92   92   92   92
   92   92   98  111  124  137  149  160  168  173  176  177  174  168  160  149
  137  122  106   92   92   92   92   92   92
    62.5-180.0 180.0   5.0 350.0                            LAT/LON1/LON2/DLON/H
   92   92   92   92   92   92   92   92   92   92   92   92   92   92   92   92
   92   92   92   92   92   92   92   92   92   92   92   92   92   92   92   92
   92   92   92   92   92   92   92   92   92   92   92   92   92   92   92   99
  112  128  144  161  178  193  207  219  228  235  239  240  237  232  224  213
  199  183  166  148  129  110   93   92   92
    60.0-180.0 180.0   5.0 350.0                            LAT/LON1/LON2/DLON/H
  103   92   92   92   92   92   92   92   92   92   92   92   92   92   92   92
   92   92   92   92   92   92   92   92   92   92   92   92   92   92   92   92
   92   92   92   92   92   92   92   92   92   92   92   92   94  103  116  132
  151  170  190  210  229  246  262  275  285  293  297  298  296  291  283  272
  258  241  223  203  182  160  140  120  103
    57.5-180.0 180.0   5.0 350.0                            LAT/LON1/LON2/DLON/H
  141  122  106   95   92   92   92   92   92   92   92   92   92   92   92   92
   92   92   92   92   92   92   92   92   92   92   92   92   92   92   92   92
   92   92   92   92   92   92   92   92   92   92   94  100  112  128  146  167
  190  213  235  257  278  297  313  327  338  346  351  353  351  346  338  327
  313  296  277  256  233  209  186  163  141
    55.0-180.0 180.0   5.0 350.0                            LAT/LON1/LON2/DLON/H
  180  157  136  118  104   95   92   92   92   92   92   92   92   92   92   92
   92   92   92   92   92   92   92   92   92   92   92   92   92   92   92   92
   92   92   92   92   92   92   92   92   92   93  102  116  134  155  179  204
  229  255  279  303  325  344  361  376  387  396  401  403  401  397  389  378
  364  347  327  305  282  257  231  205  180
    52.5-180.0 180.0   5.0 350.0                            LAT/LON1/LON2/DLON/H
  220  193  167  144  125  109   98   92   92   92   92   92   92   92   92   92
   92   92   92   92   92   92   92   92   92   92   92   92   92   92   92   92
   92   92   92   92   92   92   92   92   92  100  117  137  160  185  212  240
  268  295  321  346  368  388  406  421  432  441  447  449  448  443  436  425
  411  394  374  352  328  302  275  247  220
    50.0-180.0 180.0   5.0 350.0                            LAT/LON1/LON2/DLON/H
  259  229  201  174  149  128  110   97   92   92   92   92   92   92   92   92
   92   92   92   92   92   92   92   92   92   92   92   92   92   92   92   92
   92   92   92   92   92   92   92   92   95  113  135  160  188  217  246  276
  306  334  361  386  409  430  447  462  474  483  488  491  490  486  478  468
  454  438  418  396  372  345  317  288  259
    47.5-180.0 180.0   5.0 350.0                            LAT/LON1/LON2/DLON/H
  297  266  235  204  176  150  127  107   92   92   92   92   92   92   92   92
   92   92   92   92   92   92   92   92   92   92   92   92   92   92   92   92
   92   92   92   92   92   92   92   92  107  131  157  186  217  248  280  312
  342  371  399  424  447  468  485  500  512  521  526  529  528  524  517  507
  494  478  459  437  412  386  357  328  297
    45.0-180.0 180.0   5.0 350.0                            LAT/LON1/LON2/DLON/H
  334  301  269  236  205  175  148  123  102   92   92   92   92   92   92   92
   92   92   92   92   92   92   92   92   92   92   92   92   92   92   92   92
   92   92   92   92   92   92   92   99  124  152  182  214  247  280  313  346
  377  406  434  459  482  503  520  535  546  555  561  563  563  559  553  543
  530  514  496  474  450  424  395  365  334
    42.5-180.0 180.0   5.0 350.0                            LAT/LON1/LON2/DLON/H
  369  336  302  268  234  202  171  142  117   94   92   92   92   92   92   92
   92   92   92   92   92   92   92   92   92   92   92   92   92   92   92   92
   92   92   92   92   92   92   92  114  143  175  208  242  277  311  345  378
  409  439  466  492  514  534  551  566  577  586  592  594  594  591  584  575
  563  547  529  508  485  459  431  400  369
    40.0-180.0 180.0   5.0 350.0                            LAT/LON1/LON2/DLON/H
  402  369  334  299  264  230  196  164  135  108   92   92   92   92   92   92
   92   92   92   92   92   92   92   92   92   92   92   92   92   92   92   92
   92   92   92   92   92   92  103  133  165  199  234  270  306  341  375  408
  440  469  496  521  543  563  579  594  605  613  619  622  621  618  612  603
  592  577  560  539  517  491  463  434  402
    37.5-180.0 180.0   5.0 350.0                            LAT/LON1/LON2/DLON/H
  433  400  365  330  294  258  223  188  156  125   97   92   92   92   92   92
   92   92   92   92   92   92   92   92   92   92   92   92   92   92   92   92
   92   92   92   92   92   92  120  153  188  224  261  298  334  370  404  437
  468  497  523  547  569  588  604  618  629  637  643  645  645  643  637  629
  618  604  587  567  545  521  493  464  433
    35.0-180.0 180.0   5.0 350.0                            LAT/LON1/LON2/DLON/H
  461  429  394  359  323  286  249  213  178  145  114   92   92   92   92   92
   92   92   92   92   92   92   92   92   92   92   92   92   92   92   92   92
   92   92   92   92   92  107  140  175  212  249  287  324  361  396  430  463
  493  521  547  571  592  610  626  639  650  658  663  666  666  664  658  651
  640  627  611  592  571  547  521  492  461
    32.5-180.0 180.0   5.0 350.0                            LAT/LON1/LON2/DLON/H
  487  455  422  386  350  313  276  238  202  167  133  101   92   92   92   92
   92   92   92   92   92   92   92   92   92   92   92   92   92   92   92   92
   92   92   92   92   92  125  161  198  236  274  312  349  386  421  455  486
  516  543  569  591  612  629  645  657  668  675  681  684  684  682  677  669
  659  647  632  614  593  570  545  517  487
    30.0-180.0 180.0   5.0 350.0                            LAT/LON1/LON2/DLON/H
  511  480  447  412  376  339  301  263  226  189  153  119   92   92   92   92
   92   92   92   92   92   92   92   92   92   92   92   92   92   92   92   92
   92   92   92   92  109  145  182  221  259  298  336  373  409  444  477  508
  536  563  587  609  628  646  660  673  683  690  695  698  698  696  692  685
  676  664  649  632  613  591  567  540  511
    27.5-180.0 180.0   5.0 350.0                            LAT/LON1/LON2/DLON/H
  532  501  469  435  400  363  326  288  250  212  175  139  105   92   92   92
   92   92   92   92   92   92   92   92   92   92   92   92   92   92   92   92
   92   92   92   93  129  166  204  243  282  320  358  395  430  464  496  526
  554  579  603  624  643  659  673  685  694  702  707  710  710  708  704  698
  689  678  664  648  630  609  585  560  532
    25.0-180.0 180.0   5.0 350.0                            LAT/LON1/LON2/DLON/H
  550  521  490  457  422  386  349  311  273  234  197  160  124   92   92   92
   92   92   92   92   92   92   92   92   92   92   92   92   92   92   92   92
   92   92   92  111  148  186  225  264  303  341  379  415  449  482  513  542
  569  593  616  636  654  670  683  694  704  711  715  718  719  717  714  708
  699  689  676  661  644  624  601  577  550
    22.5-180.0 180.0   5.0 350.0                            LAT/LON1/LON2/DLON/H
  565  538  508  476  442  407  370  333  294  256  218  180  143  108   92   92
   92   92   92   92   92   92   92   92   92   92   92   92   92   92   92   92
   92   92   93  130  168  206  245  284  323  361  397  432  466  498  528  555
  581  605  626  645  663  678  690  701  710  717  722  724  725  724  720  715
  707  697  685  671  655  636  615  591  565
    20.0-180.0 180.0   5.0 350.0                            LAT/LON1/LON2/DLON/H
  578  552  523  492  459  425  389  353  315  277  239  200  163  127   92   92
   92   92   92   92   92   92   92   92   92   92   92   92   92   92   92   92
   92   92  111  148  187  226  264  303  341  378  414  448  480  511  540  566
  591  613  634  652  669  683  695  705  714  720  725  728  729  727  724  719
  712  703  692  679  663  645  625  603  578
    17.5-180.0 180.0   5.0 350.0                            LAT/LON1/LON2/DLON/H
  589  563  536  506  475  442  407  371  334  296  258  220  182  145  109   92
   92   92   92   92   92   92   92   92   92   92   92   92   92   92   92   92
   92   92  128  166  205  244  282  320  357  393  428  461  492  522  549  575
  598  620  639  657  672  686  697  707  715  722  726  729  730  729  726  721
  715  706  696  684  669  652  633  612  589
    15.0-180.0 180.0   5.0 350.0                            LAT/LON1/LON2/DLON/H
  597  572  546  518  488  456  422  387  351  314  276  238  201  163  127   92
   92   92   92   92   92   92   92   92   92   92   92   92   92   92   92   92
   92  108  146  184  222  260  298  335  371  406  440  472  502  530  556  581
  603  623  642  659  673  686  697  707  714  720  725  727  728  728  725  721
  715  707  698  686  672  657  639  619  597
    12.5-180.0 180.0   5.0 350.0                            LAT/LON1/LON2/DLON/H
  602  579  554  527  498  467  435  401  366  330  293  255  218  181  144  108
   92   92   92   92   92   92   92   92   92   92   92   92   92   92   92   92
   92  124  162  199  237  275  312  348  383  417  449  480  509  536  561  584
  605  625  642  658  672  684  695  704  711  717  721  724  725  724  722  719
  713  706  697  686  673  659  642  623  602
    10.0-180.0 180.0   5.0 350.0                            LAT/LON1/LON2/DLON/H
  605  583  560  534  506  477  446  413  379  344  307  271  234  197  160  124
   92   92   92   92   92   92   92   92   92   92   92   92   92   92   92   92
  103  139  177  214  251  288  324  359  393  426  457  486  514  539  563  585
  606  624  641  656  669  680  690  699  706  711  716  718  719  719  717  714
  709  702  694  684  672  658  642  625  605
     7.5-180.0 180.0   5.0 350.0                            LAT/LON1/LON2/DLON/H
  606  585  563  538  512  484  454  422  389  355  320  284  248  212  175  139
  104   92   92   92   92   92   92   92   92   92   92   92   92   92   92   92
  117  153  190  227  263  299  334  368  401  432  462  490  516  541  563  584
  603  621  637  651  663  674  684  692  699  704  708  711  712  712  710  707
  703  696  689  679  668  656  641  624  606
     5.0-180.0 180.0   5.0 350.0                            LAT/LON1/LON2/DLON/H
  604  585  564  540  515  489  460  430  398  365  331  296  261  225  189  153
  118   92   92   92   92   92   92   92   92   92   92   92   92   92   92   94
  130  166  202  238  273  308  342  375  406  436  465  491  516  540  561  581
  599  616  631  644  656  666  675  683  690  695  698  701  702  702  701  698
  694  689  682  673  663  651  637  622  604
     2.5-180.0 180.0   5.0 350.0                            LAT/LON1/LON2/DLON/H
  600  582  562  540  517  491  464  435  404  373  340  306  271  236  201  166
  131   97   92   92   92   92   92   92   92   92   92   92   92   92   92  106
  141  177  212  247  282  315  348  379  410  438  465  491  515  537  557  576
  593  609  623  635  647  657  665  673  679  684  687  690  691  691  690  688
  684  679  673  665  655  644  631  617  600
