Space weather/ckmg0750.15i
     1.0            IONOSPHERE MAPS     GNSS                IONEX VERSION / TYPE
BIMINX V5.3         AIUB                21-MAR-15 07:55     PGM / RUN BY / DATE 
CODE'S KLOBUCHAR-STYLE IONOSPHERE MODEL FOR DAY 075, 2015   COMMENT             
  2015     3    16     0     0     0                        EPOCH OF FIRST MAP  
  2015     3    17     0     0     0                        EPOCH OF LAST MAP   
  3600                                                      INTERVAL            
    25                                                      # OF MAPS IN FILE   
  NONE                                                      MAPPING FUNCTION    
     0.0                                                    ELEVATION CUTOFF    
                                                            OBSERVABLES USED    
  6371.0                                                    BASE RADIUS         
     2                                                      MAP DIMENSION       
   350.0 350.0   0.0                                        HGT1 / HGT2 / DHGT  
    87.5 -87.5  -2.5                                        LAT1 / LAT2 / DLAT  
  -180.0 180.0   5.0                                        LON1 / LON2 / DLON  
    -1                                                      EXPONENT            
TEC/RMS values in 0.1 TECU; 9999, if no value available     COMMENT             
                                                            END OF HEADER       
[from data line 3003]
     8                                                      START OF TEC MAP    
  2015     3    16     7     0     0                        EPOCH OF CURRENT MAP
    87.5-180.0 180.0   5.0 350.0                            LAT/LON1/LON2/DLON/H
   92   92   92   92   92   92   92   92   92   92   92   92   92   92   92   92
   92   92   92   92   92   92   92   92   92   92   92   92   92   92   92   92
   92   92   92   92   92   92   92   92   92   92   92   92   92   92   92   92
   92   92   92   92   92   92   92   92   92   92   92   92   92   92   92   92
   92   92   92   92   92   92   92   92   92
    85.0-180.0 180.0   5.0 350.0                            LAT/LON1/LON2/DLON/H
   92   92   92   92   92   92   92   92   92   92   92   92   92   92   92   92
   92   92   92   92   92   92   92   92   92   92   92   92   92   92   92   92
   92   92   92   92   92   92   92   92   92   92   92   92   92   92   92   92
   92   92   92   92   92   92   92   92   92   92   92   92   92   92   92   92
   92   92   92   92   92   92   92   92   92
    82.5-180.0 180.0   5.0 350.0                            LAT/LON1/LON2/DLON/H
   92   92   92   92   92   92   92   92   92   92   92   92   92   92   92   92
   92   92   92   92   92   92   92   92   92   92   92   92   92   92   92   92
   92   92   92   92   92   92   92   92   92   92   92   92   92   92   92   92
   92   92   92   92   92   92   92   92   92   92   92   92   92   92   92   92
   92   92   92   92   92   92   92   92   92
    80.0-180.0 180.0   5.0 350.0                            LAT/LON1/LON2/DLON/H
   92   92   92   92   92   92   92   92   92   92   92   92   92   92   92   92
   92   92   92   92   92   92   92   92   92   92   92   92   92   92   92   92
   92   92   92   92   92   92   92   92   92   92   92   92   92   92   92   92
   92   92   92   92   92   92   92   92   92   92   92   92   92   92   92   92
   92   92   92   92   92   92   92   92   92
    77.5-180.0 180.0   5.0 350.0                            LAT/LON1/LON2/DLON/H
   92   92   92   92   92   92   92   92   92   92   92   92   92   92   92   92
   92   92   92   92   92   92   92   92   92   92   92   92   92   92   92   92
   92   92   92   92   92   92   92   92   92   92   92   92   92   92   92   92
   92   92   92   92   92   92   92   92   92   92   92   92   92   92   92   92
   92   92   92   92   92   92   92   92   92
    75.0-180.0 180.0   5.0 350.0                            LAT/LON1/LON2/DLON/H
   92   92   92   92   92   92   92   92   92   92   92   92   92   92   92   92
   92   92   92   92   92   92   92   92   92   92   92   92   92   92   92   92
   92   92   92   92   92   92   92   92   92   92   92   92   92   92   92   92
   92   92   92   92   92   92   92   92   92   92   92   92   92   92   92   92
   92   92   92   92   92   92   92   92   92
    72.5-180.0 180.0   5.0 350.0                            LAT/LON1/LON2/DLON/H
   92   92   92   92   92   92   92   92   92   92   92   92   92   92   92   92
   92   92   92   92   92   92   92   92   92   92   92   92   92   92   92   92
   92   92   92   92   92   92   92   92   92   92   92   92   92   92   92   92
   92   92   92   92   92   92   92   92   92   92   92   92   92   92   92   92
   92   92   92   92   92   92   92   92   92
    70.0-180.0 180.0   5.0 350.0                            LAT/LON1/LON2/DLON/H
   92   92   92   92   92   92   92   92   92   92   92   92   92   92   92   92
   92   92   92   92   92   92   92   92   92   92   92   92   92   92   92   92
   92   92   92   92   92   92   92   92   92   92   92   92   92   92   92   92
   92   92   92   92   92   92   92   92   92   92   92   92   92   92   92   92
   92   92   92   92   92   92   92   92   92
    67.5-180.0 180.0   5.0 350.0                            LAT/LON1/LON2/DLON/H
   92   92   92   92   92   92   92   92   92   92   92   92   92   92   92   92
   92   92   92   92   92   92   92   92   92   92   92   92   92   92   92   92
   92   92   92   92   92   92   92   92   92   92   92   92   92   92   92   92
   92   92   92   92   92   92   92   92   92   92   92   92   92   92   92   92
   92   92   92   92   92   92   92   92   92
    65.0-180.0 180.0   5.0 350.0                            LAT/LON1/LON2/DLON/H
   92   92   92   92   92   92   92   92   92   92   92   92   92   92   92   92
   92   92   92   92   92   92   92   92   92   92   92   92   92   92   92   92
   92   92   92   92   92   92   92   92   92   92   92   92   92   92   92   92
   92   92   92   92   92   92   92   92   94   98  100   99   96   92   92   92
   92   92   92   92   92   92   92   92   92
    62.5-180.0 180.0   5.0 350.0                            LAT/LON1/LON2/DLON/H
   92   92   92   92   92   92   92   92   92   92   92   92   92   92   92   92
   92   92   92   92   92   92   92   92   92   92   92   92   92   92   92   92
   92   92   92   92   92   92   92   92   92   92   92   92   92   92   92   92
   92   92   92  105  119  132  144  154  161  165  166  164  160  153  143  132
  120  107   96   92   92   92   92   92   92
    60.0-180.0 180.0   5.0 350.0                            LAT/LON1/LON2/DLON/H
   92   92   92   92   92   92   92   92   92   92   92   92   92   92   92   92
   92   92   92   92   92   92   92   92   92   92   92   92   92   92   92   92
   92   92   92   92   92   92   92   92   92   92   92   92   92   92   92   95
  108  125  143  161  178  193  206  216  223  227  228  226  220  212  202  188
  173  157  139  123  108   97   92   92   92
    57.5-180.0 180.0   5.0 350.0                            LAT/LON1/LON2/DLON/H
   93   92   92   92   92   92   92   92   92   92   92   92   92   92   92   92
   92   92   92   92   92   92   92   92   92   92   92   92   92   92   92   92
   92   92   92   92   92   92   92   92   92   92   92   92   92  100  115  133
  154  176  197  217  234  250  263  273  280  284  284  282  277  268  257  243
  226  208  188  167  146  126  109   97   93
    55.0-180.0 180.0   5.0 350.0                            LAT/LON1/LON2/DLON/H
  104   92   92   92   92   92   92   92   92   92   92   92   92   92   92   92
   92   92   92   92   92   92   92   92   92   92   92   92   92   92   92   92
   92   92   92   92   92   92   92   92   92   92   93   99  113  132  155  179
  203  227  249  270  288  303  316  326  332  336  337  334  328  320  308  294
  277  258  237  214  190  166  142  121  104
    52.5-180.0 180.0   5.0 350.0                            LAT/LON1/LON2/DLON/H
  131  109   93   92   92   92   92   92   92   92   92   92   92   92   92   92
   92   92   92   92   92   92   92   92   92   92   92   92   92   92   92   92
   92   92   92   92   92   92   92   92   92   92  105  124  147  172  199  226
  252  276  299  319  337  352  364  374  380  384  384  382  376  368  356  342
  325  306  284  260  235  209  182  155  131
    50.0-180.0 180.0   5.0 350.0                            LAT/LON1/LON2/DLON/H
  166  139  114   94   92   92   92   92   92   92   92   92   92   92   92   92
   92   92   92   92   92   92   92   92   92   92   92   92   92   92   92   92
   92   92   92   92   92   92   92   92   93  111  133  159  187  215  244  272
  298  323  345  365  382  397  409  418  424  427  427  425  419  411  400  386
  370  351  329  305  279  252  224  195  166
    47.5-180.0 180.0   5.0 350.0                            LAT/LON1/LON2/DLON/H
  205  174  145  118   94   92   92   92   92   92   92   92   92   92   92   92
   92   92   92   92   92   92   92   92   92   92   92   92   92   92   92   92
   92   92   92   92   92   92   92   94  115  140  168  198  229  259  288  316
  342  366  388  407  424  438  449  457  463  466  466  464  458  450  440  426
  410  392  371  347  322  294  265  235  205
    45.0-180.0 180.0   5.0 350.0                            LAT/LON1/LON2/DLON/H
  244  212  180  149  120   95   92   92   92   92   92   92   92   92   92   92
   92   92   92   92   92   92   92   92   92   92   92   92   92   92   92   92
   92   92   92   92   92   92   95  119  146  176  207  239  270  301  330  358
  383  406  427  445  461  474  485  493  498  501  501  498  493  486  475  463
  447  429  409  386  361  334  305  275  244
    42.5-180.0 180.0   5.0 350.0                            LAT/LON1/LON2/DLON/H
  282  249  216  183  152  121   94   92   92   92   92   92   92   92   92   92
   92   92   92   92   92   92   92   92   92   92   92   92   92   92   92   92
   92   92   92   92   92   96  121  150  181  213  246  278  310  340  369  396
  420  442  462  480  495  507  517  524  529  532  532  529  524  517  507  495
  480  463  444  422  398  371  343  313  282
    40.0-180.0 180.0   5.0 350.0                            LAT/LON1/LON2/DLON/H
  318  285  252  219  185  152  121   93   92   92   92   92   92   92   92   92
   92   92   92   92   92   92   92   92   92   92   92   92   92   92   92   92
   92   92   92   92   95  123  153  184  217  251  284  316  347  377  405  430
  454  475  494  510  524  536  545  552  557  559  559  556  552  545  535  524
  510  493  475  454  430  405  378  349  318
    37.5-180.0 180.0   5.0 350.0                            LAT/LON1/LON2/DLON/H
  351  319  287  253  219  185  152  120   92   92   92   92   92   92   92   92
   92   92   92   92   92   92   92   92   92   92   92   92   92   92   92   92
   92   92   92   95  123  154  186  220  253  287  320  351  382  410  437  461
  483  504  521  537  550  561  570  576  580  582  582  580  575  568  560  548
  535  520  502  482  460  436  409  381  351
    35.0-180.0 180.0   5.0 350.0                            LAT/LON1/LON2/DLON/H
  381  351  319  286  252  217  183  150  118   92   92   92   92   92   92   92
   92   92   92   92   92   92   92   92   92   92   92   92   92   92   92   92
   92   92   94  123  154  186  220  254  288  321  353  384  413  440  465  489
  510  529  545  560  572  582  590  596  600  602  602  599  595  589  580  570
  557  543  526  507  486  463  437  410  381
    32.5-180.0 180.0   5.0 350.0                            LAT/LON1/LON2/DLON/H
  409  379  348  316  282  248  214  180  146  114   92   92   92   92   92   92
   92   92   92   92   92   92   92   92   92   92   92   92   92   92   92   92
   92   92  121  152  185  219  253  286  320  352  383  413  441  467  491  513
  533  550  566  580  591  600  608  613  617  618  618  616  612  606  598  588
  576  562  546  528  508  486  462  436  409
    30.0-180.0 180.0   5.0 350.0                            LAT/LON1/LON2/DLON/H
  433  404  375  343  311  277  243  209  175  142  110   92   92   92   92   92
   92   92   92   92   92   92   92   92   92   92   92   92   92   92   92   92
   92  119  150  182  216  250  283  317  349  380  410  438  465  490  512  533
  552  569  583  596  606  615  622  627  630  632  631  629  625  619  612  603
  591  578  563  546  527  507  484  459  433
    27.5-180.0 180.0   5.0 350.0                            LAT/LON1/LON2/DLON/H
  453  427  398  368  336  304  271  237  203  169  137  105   92   92   92   92
   92   92   92   92   92   92   92   92   92   92   92   92   92   92   92   92
  115  146  179  212  245  278  312  344  375  405  434  461  486  510  531  550
  568  583  597  609  619  627  633  638  641  642  641  639  635  630  623  614
  604  591  577  561  543  524  502  479  453
    25.0-180.0 180.0   5.0 350.0                            LAT/LON1/LON2/DLON/H
  471  445  418  389  359  328  295  262  229  195  162  130   99   92   92   92
   92   92   92   92   92   92   92   92   92   92   92   92   92   92   92  111
  142  174  206  239  272  305  337  368  399  427  455  480  504  526  546  564
  581  595  608  619  628  635  641  645  648  649  648  646  643  638  631  623
  613  601  588  573  556  538  517  495  471
    22.5-180.0 180.0   5.0 350.0                            LAT/LON1/LON2/DLON/H
  486  461  435  408  379  349  317  285  253  220  187  154  123   92   92   92
   92   92   92   92   92   92   92   92   92   92   92   92   92   92  106  136
  167  199  232  264  297  329  360  390  419  446  472  496  519  540  558  575
  591  604  616  626  634  641  646  650  652  653  653  651  647  642  636  628
  619  608  596  582  566  548  529  508  486
    20.0-180.0 180.0   5.0 350.0                            LAT/LON1/LON2/DLON/H
  497  474  450  423  396  367  337  306  274  242  209  177  145  114   92   92
   92   92   92   92   92   92   92   92   92   92   92   92   92  100  130  160
  191  223  255  287  319  350  380  408  436  462  487  509  531  550  568  583
  598  610  621  630  638  644  649  652  654  655  654  652  649  645  639  631
  623  612  601  588  573  556  538  519  497
    17.5-180.0 180.0   5.0 350.0                            LAT/LON1/LON2/DLON/H
  506  484  461  436  410  382  353  323  293  261  229  198  166  135  105   92
   92   92   92   92   92   92   92   92   92   92   92   92   94  122  152  182
  214  245  276  307  338  368  396  424  450  475  498  519  539  557  574  589
  602  613  623  632  639  645  649  652  654  654  653  652  648  644  639  632
  624  614  603  591  577  562  545  526  506
    15.0-180.0 180.0   5.0 350.0                            LAT/LON1/LON2/DLON/H
  512  492  470  446  421  395  367  338  309  278  247  216  185  154  124   95
   92   92   92   92   92   92   92   92   92   92   92   92  114  143  172  203
  233  264  295  325  354  383  410  436  461  485  507  527  545  562  578  591
  603  614  623  631  637  643  646  649  651  651  650  648  645  641  636  630
  622  613  603  592  579  564  548  531  512
    12.5-180.0 180.0   5.0 350.0                            LAT/LON1/LON2/DLON/H
  515  496  475  453  429  404  378  350  322  293  263  232  202  172  142  112
   92   92   92   92   92   92   92   92   92   92   92  104  132  161  191  221
  251  281  310  339  368  395  421  446  470  492  512  531  549  565  579  591
  603  612  621  628  634  638  642  644  645  646  645  643  640  636  631  626
  618  610  601  590  578  564  550  533  515
    10.0-180.0 180.0   5.0 350.0                            LAT/LON1/LON2/DLON/H
  516  498  479  458  435  411  386  360  333  304  275  246  216  187  157  128
   99   92   92   92   92   92   92   92   92   92   93  121  149  177  207  236
  265  295  323  351  378  405  430  453  475  496  516  533  550  564  577  589
  599  608  616  622  628  632  635  637  638  638  637  636  633  629  625  619
  613  605  596  586  575  562  548  533  516
     7.5-180.0 180.0   5.0 350.0                            LAT/LON1/LON2/DLON/H
  515  498  480  460  438  416  392  367  341  314  286  257  228  199  170  142
  113   92   92   92   92   92   92   92   92   92  108  135  163  192  220  249
  278  306  334  361  387  411  435  458  479  498  516  533  548  562  574  585
  594  602  609  615  620  623  626  628  629  629  628  626  624  620  616  611
  605  598  589  580  570  558  545  531  515
     5.0-180.0 180.0   5.0 350.0                            LAT/LON1/LON2/DLON/H
  511  495  478  459  439  418  395  371  346  320  294  266  238  210  181  153
  125   98   92   92   92   92   92   92   92   94  121  148  176  204  232  260
  288  315  341  367  392  416  438  460  479  498  515  530  544  557  568  578
  587  594  601  606  610  613  616  617  618  618  617  615  613  609  605  601
  595  588  581  572  562  552  539  526  511
     2.5-180.0 180.0   5.0 350.0                            LAT/LON1/LON2/DLON/H
  506  491  475  457  438  418  396  374  350  325  299  273  246  218  190  163
  135  108   92   92   92   92   92   92   92  105  131  158  186  213  241  268
  295  321  347  372  395  418  439  459  478  495  511  526  539  550  561  570
  578  584  590  595  598  601  603  605  605  605  604  602  600  597  593  589
  583  577  570  562  553  543  532  520  506
