Space weather/ckmg0750.15i
     1.0            IONOSPHERE MAPS     GNSS                IONEX VERSION / TYPE
BIMINX V5.3         AIUB                21-MAR-15 07:55     PGM / RUN BY / DATE 
CODE'S KLOBUCHAR-STYLE IONOSPHERE MODEL FOR DAY 075, 2015   COMMENT             
  2015     3    16     0     0     0                        EPOCH OF FIRST MAP  
  2015     3    17     0     0     0                        EPOCH OF LAST MAP   
  3600                                                      INTERVAL            
    25                                                      # OF MAPS IN FILE   
  NONE                                                      MAPPING FUNCTION    
     0.0                                                    ELEVATION CUTOFF    
                                                            OBSERVABLES USED    
  6371.0                                                    BASE RADIUS         
     2                                                      MAP DIMENSION       
   350.0 350.0   0.0                                        HGT1 / HGT2 / DHGT  
    87.5 -87.5  -2.5                                        LAT1 / LAT2 / DLAT  
  -180.0 180.0   5.0                                        LON1 / LON2 / DLON  
    -1                                                      EXPONENT            
TEC/RMS values in 0.1 TECU; 9999, if no value available     COMMENT             
                                                            END OF HEADER       
[from data line 3861]
    10                                                      START OF TEC MAP    
  2015     3    16     9     0     0                        EPOCH OF CURRENT MAP
    87.5-180.0 180.0   5.0 350.0                            LAT/LON1/LON2/DLON/H
   92   92   92   92   92   92   92   92   92   92   92   92   92   92   92   92
   92   92   92   92   92   92   92   92   92   92   92   92   92   92   92   92
   92   92   92   92   92   92   92   92   92   92   92   92   92   92   92   92
   92   92   92   92   92   92   92   92   92   92   92   92   92   92   92   92
   92   92   92   92   92   92   92   92   92
    85.0-180.0 180.0   5.0 350.0                            LAT/LON1/LON2/DLON/H
   92   92   92   92   92   92   92   92   92   92   92   92   92   92   92   92
   92   92   92   92   92   92   92   92   92   92   92   92   92   92   92   92
   92   92   92   92   92   92   92   92   92   92   92   92   92   92   92   92
   92   92   92   92   92   92   92   92   92   92   92   92   92   92   92   92
   92   92   92   92   92   92   92   92   92
    82.5-180.0 180.0   5.0 350.0                            LAT/LON1/LON2/DLON/H
   92   92   92   92   92   92   92   92   92   92   92   92   92   92   92   92
   92   92   92   92   92   92   92   92   92   92   92   92   92   92   92   92
   92   92   92   92   92   92   92   92   92   92   92   92   92   92   92   92
   92   92   92   92   92   92   92   92   92   92   92   92   92   92   92   92
   92   92   92   92   92   92   92   92   92
    80.0-180.0 180.0   5.0 350.0                            LAT/LON1/LON2/DLON/H
   92   92   92   92   92   92   92   92   92   92   92   92   92   92   92   92
   92   92   92   92   92   92   92   92   92   92   92   92   92   92   92   92
   92   92   92   92   92   92   92   92   92   92   92   92   92   92   92   92
   92   92   92   92   92   92   92   92   92   92   92   92   92   92   92   92
   92   92   92   92   92   92   92   92   92
    77.5-180.0 180.0   5.0 350.0                            LAT/LON1/LON2/DLON/H
   92   92   92   92   92   92   92   92   92   92   92   92   92   92   92   92
   92   92   92   92   92   92   92   92   92   92   92   92   92   92   92   92
   92   92   92   92   92   92   92   92   92   92   92   92   92   92   92   92
   92   92   92   92   92   92   92   92   92   92   92   92   92   92   92   92
   92   92   92   92   92   92   92   92   92
    75.0-180.0 180.0   5.0 350.0                            LAT/LON1/LON2/DLON/H
   92   92   92   92   92   92   92   92   92   92   92   92   92   92   92   92
   92   92   92   92   92   92   92   92   92   92   92   92   92   92   92   92
   92   92   92   92   92   92   92   92   92   92   92   92   92   92   92   92
   92   92   92   92   92   92   92   92   92   92   92   92   92   92   92   92
   92   92   92   92   92   92   92   92   92
    72.5-180.0 180.0   5.0 350.0                            LAT/LON1/LON2/DLON/H
   92   92   92   92   92   92   92   92   92   92   92   92   92   92   92   92
   92   92   92   92   92   92   92   92   92   92   92   92   92   92   92   92
   92   92   92   92   92   92   92   92   92   92   92   92   92   92   92   92
   92   92   92   92   92   92   92   92   92   92   92   92   92   92   92   92
   92   92   92   92   92   92   92   92   92
    70.0-180.0 180.0   5.0 350.0                            LAT/LON1/LON2/DLON/H
   92   92   92   92   92   92   92   92   92   92   92   92   92   92   92   92
   92   92   92   92   92   92   92   92   92   92   92   92   92   92   92   92
   92   92   92   92   92   92   92   92   92   92   92   92   92   92   92   92
   92   92   92   92   92   92   92   92   92   92   92   92   92   92   92   92
   92   92   92   92   92   92   92   92   92
    67.5-180.0 180.0   5.0 350.0                            LAT/LON1/LON2/DLON/H
   92   92   92   92   92   92   92   92   92   92   92   92   92   92   92   92
   92   92   92   92   92   92   92   92   92   92   92   92   92   92   92   92
   92   92   92   92   92   92   92   92   92   92   92   92   92   92   92   92
   92   92   92   92   92   92   92   92   92   92   92   92   92   92   92   92
   92   92   92   92   92   92   92   92   92
    65.0-180.0 180.0   5.0 350.0                            LAT/LON1/LON2/DLON/H
   92   92   92   92   92   92   92   92   92   92   92   92   92   92   92   92
   92   92   92   92   92   92   92   92   92   92   92   92   92   92   92   92
   92   92   92   92   92   92   92   92   92   92   92   92   92   92   92   92
   92   92   92   92   92   92   92   92   94   97   98   97   94   92   92   92
   92   92   92   92   92   92   92   92   92
    62.5-180.0 180.0   5.0 350.0                            LAT/LON1/LON2/DLON/H
   92   92   92   92   92   92   92   92   92   92   92   92   92   92   92   92
   92   92   92   92   92   92   92   92   92   92   92   92   92   92   92   92
   92   92   92   92   92   92   92   92   92   92   92   92   92   92   92   92
   92   92   92  108  123  135  144  150  153  153  150  145  138  129  119  110
  101   95   92   92   92   92   92   92   92
    60.0-180.0 180.0   5.0 350.0                            LAT/LON1/LON2/DLON/H
   92   92   92   92   92   92   92   92   92   92   92   92   92   92   92   92
   92   92   92   92   92   92   92   92   92   92   92   92   92   92   92   92
   92   92   92   92   92   92   92   92   92   92   92   92   92   92   92   97
  118  139  158  174  188  198  206  210  211  209  204  196  186  174  160  145
  130  115  102   92   92   92   92   92   92
    57.5-180.0 180.0   5.0 350.0                            LAT/LON1/LON2/DLON/H
   92   92   92   92   92   92   92   92   92   92   92   92   92   92   92   92
   92   92   92   92   92   92   92   92   92   92   92   92   92   92   92   92
   92   92   92   92   92   92   92   92   92   92   92   92   92  113  136  159
  181  202  220  235  247  257  263  266  266  262  256  247  235  221  205  187
  168  148  129  111   95   92   92   92   92
    55.0-180.0 180.0   5.0 350.0                            LAT/LON1/LON2/DLON/H
   92   92   92   92   92   92   92   92   92   92   92   92   92   92   92   92
   92   92   92   92   92   92   92   92   92   92   92   92   92   92   92   92
   92   92   92   92   92   92   92   92   92   92  101  121  144  169  194  218
  240  260  277  291  303  311  316  318  317  312  305  295  283  267  250  230
  209  187  163  140  118   98   92   92   92
    52.5-180.0 180.0   5.0 350.0                            LAT/LON1/LON2/DLON/H
   92   92   92   92   92   92   92   92   92   92   92   92   92   92   92   92
   92   92   92   92   92   92   92   92   92   92   92   92   92   92   92   92
   92   92   92   92   92   92   92   93  104  123  146  171  198  224  250  274
  295  314  330  343  353  360  364  366  364  359  351  341  328  312  294  273
  251  227  202  176  150  125  101   92   92
    50.0-180.0 180.0   5.0 350.0                            LAT/LON1/LON2/DLON/H
   92   92   92   92   92   92   92   92   92   92   92   92   92   92   92   92
   92   92   92   92   92   92   92   92   92   92   92   92   92   92   92   92
   92   92   92   92   92   94  103  119  141  167  194  222  250  277  302  325
  345  363  378  390  399  405  409  409  407  402  394  383  369  354  335  315
  292  267  241  213  185  157  129  103   92
    47.5-180.0 180.0   5.0 350.0                            LAT/LON1/LON2/DLON/H
  104   92   92   92   92   92   92   92   92   92   92   92   92   92   92   92
   92   92   92   92   92   92   92   92   92   92   92   92   92   92   92   92
   92   92   92   92   98  112  133  157  185  214  243  272  300  326  350  372
  391  408  422  433  441  446  449  449  446  440  432  421  408  392  374  353
  330  306  279  251  221  191  161  132  104
    45.0-180.0 180.0   5.0 350.0                            LAT/LON1/LON2/DLON/H
  132  103   92   92   92   92   92   92   92   92   92   92   92   92   92   92
   92   92   92   92   92   92   92   92   92   92   92   92   92   92   92   92
   92   92   92  103  121  144  171  200  230  260  290  319  346  372  395  415
  433  449  461  471  478  483  485  484  481  475  467  456  443  427  409  389
  366  342  315  287  257  226  195  163  132
    42.5-180.0 180.0   5.0 350.0                            LAT/LON1/LON2/DLON/H
  163  131  101   92   92   92   92   92   92   92   92   92   92   92   92   92
   92   92   92   92   92   92   92   92   92   92   92   92   92   92   92   92
   92   92  108  129  155  183  213  244  275  305  335  363  389  413  435  454
  471  485  497  505  512  516  517  516  512  506  498  487  474  458  441  421
  399  375  349  321  291  260  229  196  163
    40.0-180.0 180.0   5.0 350.0                            LAT/LON1/LON2/DLON/H
  195  161  129   97   92   92   92   92   92   92   92   92   92   92   92   92
   92   92   92   92   92   92   92   92   92   92   92   92   92   92   92   92
   92  112  136  163  192  223  255  286  317  347  376  403  428  451  471  489
  504  517  528  536  541  544  545  543  539  533  525  514  501  486  469  450
  428  405  379  352  323  293  261  228  195
    37.5-180.0 180.0   5.0 350.0                            LAT/LON1/LON2/DLON/H
  225  191  157  124   92   92   92   92   92   92   92   92   92   92   92   92
   92   92   92   92   92   92   92   92   92   92   92   92   92   92   92   95
  117  143  171  200  232  263  295  327  357  386  414  439  463  484  503  520
  534  546  555  562  567  569  570  567  563  557  548  538  525  510  494  475
  454  431  407  380  352  322  291  258  225
    35.0-180.0 180.0   5.0 350.0                            LAT/LON1/LON2/DLON/H
  254  220  186  152  118   92   92   92   92   92   92   92   92   92   92   92
   92   92   92   92   92   92   92   92   92   92   92   92   92   92   97  121
  148  177  207  238  270  302  333  364  394  422  448  472  494  514  532  547
  560  571  579  585  589  591  590  588  583  577  568  558  546  531  515  497
  477  455  431  405  378  349  318  287  254
    32.5-180.0 180.0   5.0 350.0                            LAT/LON1/LON2/DLON/H
  280  247  213  179  145  111   92   92   92   92   92   92   92   92   92   92
   92   92   92   92   92   92   92   92   92   92   92   92   92  100  125  152
  181  212  243  275  307  338  369  399  427  454  478  501  522  540  557  571
  582  592  599  605  608  609  608  605  600  594  585  575  563  549  533  516
  496  475  452  427  401  373  343  312  280
    30.0-180.0 180.0   5.0 350.0                            LAT/LON1/LON2/DLON/H
  304  271  238  204  170  136  103   92   92   92   92   92   92   92   92   92
   92   92   92   92   92   92   92   92   92   92   92   92  103  128  156  185
  215  246  278  310  341  372  401  430  457  482  505  527  546  563  578  591
  601  610  616  621  623  623  622  619  614  607  599  589  577  563  548  531
  512  492  470  446  421  394  365  335  304
    27.5-180.0 180.0   5.0 350.0                            LAT/LON1/LON2/DLON/H
  325  293  261  228  194  160  127   94   92   92   92   92   92   92   92   92
   92   92   92   92   92   92   92   92   92   92   92  105  131  158  187  217
  248  279  311  342  372  402  430  458  483  507  529  549  566  582  596  607
  617  624  630  633  635  635  633  630  624  618  609  599  588  574  560  543
  525  506  485  462  438  412  384  355  325
    25.0-180.0 180.0   5.0 350.0                            LAT/LON1/LON2/DLON/H
  343  313  281  249  216  182  149  116   92   92   92   92   92   92   92   92
   92   92   92   92   92   92   92   92   92   92  107  133  160  188  218  248
  279  310  341  371  400  429  456  482  506  528  549  567  583  598  610  621
  629  636  640  643  644  643  641  637  632  625  617  607  596  583  569  553
  536  517  497  475  451  427  400  372  343
    22.5-180.0 180.0   5.0 350.0                            LAT/LON1/LON2/DLON/H
  359  329  299  268  235  203  170  137  105   92   92   92   92   92   92   92
   92   92   92   92   92   92   92   92   92  107  133  160  188  217  247  277
  308  338  368  397  425  453  479  503  525  546  565  582  597  610  622  631
  638  644  648  650  650  649  646  642  637  630  621  612  601  588  575  559
  543  525  506  485  462  439  413  387  359
    20.0-180.0 180.0   5.0 350.0                            LAT/LON1/LON2/DLON/H
  371  343  314  284  252  221  188  156  124   92   92   92   92   92   92   92
   92   92   92   92   92   92   92   92  107  133  159  187  215  244  274  304
  334  363  392  420  447  473  498  521  542  561  579  594  608  620  630  638
  645  649  652  654  654  652  649  645  639  632  623  614  603  591  578  563
  547  530  512  492  471  448  424  398  371
    17.5-180.0 180.0   5.0 350.0                            LAT/LON1/LON2/DLON/H
  381  354  326  297  267  236  205  173  141  110   92   92   92   92   92   92
   92   92   92   92   92   92   92  105  131  157  184  212  240  269  298  328
  357  385  413  440  466  491  514  535  555  573  589  603  616  627  636  643
  648  652  654  655  654  652  649  644  638  631  623  614  603  592  579  565
  549  533  515  496  476  454  431  407  381
    15.0-180.0 180.0   5.0 350.0                            LAT/LON1/LON2/DLON/H
  389  363  336  308  279  249  219  188  157  126   95   92   92   92   92   92
   92   92   92   92   92   92  102  127  153  179  206  234  263  291  320  349
  377  404  431  457  482  505  526  547  565  582  597  610  621  631  638  645
  649  652  654  654  653  650  646  642  636  628  620  611  601  590  577  564
  549  533  516  498  479  458  436  413  389
    12.5-180.0 180.0   5.0 350.0                            LAT/LON1/LON2/DLON/H
  393  369  343  316  288  260  230  200  170  140  110   92   92   92   92   92
   92   92   92   92   92   97  122  147  173  200  227  255  283  311  339  367
  394  421  446  471  494  516  536  555  572  588  601  613  623  632  639  644
  648  650  651  650  649  646  642  637  631  623  615  606  596  585  573  560
  546  531  515  498  479  460  439  417  393
    10.0-180.0 180.0   5.0 350.0                            LAT/LON1/LON2/DLON/H
  396  372  348  322  296  268  240  211  181  152  122   93   92   92   92   92
   92   92   92   92   92  115  139  165  191  218  245  273  300  328  355  382
  408  434  458  482  504  524  543  561  577  591  603  614  623  631  637  641
  644  645  646  645  642  639  635  630  623  616  608  599  590  579  567  555
  542  527  512  495  478  459  439  418  396
     7.5-180.0 180.0   5.0 350.0                            LAT/LON1/LON2/DLON/H
  396  374  350  326  300  274  247  219  190  162  133  104   92   92   92   92
   92   92   92   92  106  130  155  181  207  234  261  288  315  342  369  395
  420  444  468  490  511  530  548  564  579  592  603  613  621  627  632  636
  638  639  638  637  634  631  626  621  614  607  599  591  581  571  560  548
  535  521  506  491  474  456  437  417  396
     5.0-180.0 180.0   5.0 350.0                            LAT/LON1/LON2/DLON/H
  394  373  351  327  303  278  251  225  197  169  141  113   92   92   92   92
   92   92   92   95  119  143  169  195  221  247  274  301  327  353  379  404
  429  452  474  495  515  533  550  565  578  590  600  609  616  622  626  628
  630  630  629  627  624  620  616  610  604  596  589  580  571  561  550  538
  526  513  499  484  468  451  433  414  394
     2.5-180.0 180.0   5.0 350.0                            LAT/LON1/LON2/DLON/H
  390  370  349  327  303  279  254  228  202  175  148  120   93   92   92   92
   92   92   92  105  130  155  180  206  232  258  285  311  337  362  387  411
  435  457  478  498  516  533  549  563  575  586  595  603  609  614  617  619
  620  620  618  616  613  608  603  598  591  584  576  568  559  549  539  528
  516  503  490  476  461  445  428  410  390
