Space weather/ckmg0760.15i
     1.0            IONOSPHERE MAPS     GNSS                IONEX VERSION / TYPE
BIMINX V5.3         AIUB                22-MAR-15 07:58     PGM / RUN BY / DATE 
CODE'S KLOBUCHAR-STYLE IONOSPHERE MODEL FOR DAY 076, 2015   COMMENT             
  2015     3    17     0     0     0                        EPOCH OF FIRST MAP  
  2015     3    18     0     0     0                        EPOCH OF LAST MAP   
  3600                                                      INTERVAL            
    25                                                      # OF MAPS IN FILE   
  NONE                                                      MAPPING FUNCTION    
     0.0                                                    ELEVATION CUTOFF    
                                                            OBSERVABLES USED    
  6371.0                                                    BASE RADIUS         
     2                                                      MAP DIMENSION       
   350.0 350.0   0.0                                        HGT1 / HGT2 / DHGT  
    87.5 -87.5  -2.5                                        LAT1 / LAT2 / DLAT  
  -180.0 180.0   5.0                                        LON1 / LON2 / DLON  
    -1                                                      EXPONENT            
TEC/RMS values in 0.1 TECU; 9999, if no value available     COMMENT             
                                                            END OF HEADER       
[from data line 3432]
     9                                                      START OF TEC MAP    
  2015     3    17     8     0     0                        EPOCH OF CURRENT MAP
    87.5-180.0 180.0   5.0 350.0                            LAT/LON1/LON2/DLON/H
   92   92   92   92   92   92   92   92   92   92   92   92   92   92   92   92
   92   92   92   92   92   92   92   92   92   92   92   92   92   92   92   92
   92   92   92   92   92   92   92   92   92   92   92   92   92   92   92   92
   92   92   92   92   92   92   92   92   92   92   92   92   92   92   92   92
   92   92   92   92   92   92   92   92   92
    85.0-180.0 180.0   5.0 350.0                            LAT/LON1/LON2/DLON/H
   92   92   92   92   92   92   92   92   92   92   92   92   92   92   92   92
   92   92   92   92   92   92   92   92   92   92   92   92   92   92   92   92
   92   92   92   92   92   92   92   92   92   92   92   92   92   92   92   92
   92   92   92   92   92   92   92   92   92   92   92   92   92   92   92   92
   92   92   92   92   92   92   92   92   92
    82.5-180.0 180.0   5.0 350.0                            LAT/LON1/LON2/DLON/H
   92   92   92   92   92   92   92   92   92   92   92   92   92   92   92   92
   92   92   92   92   92   92   92   92   92   92   92   92   92   92   92   92
   92   92   92   92   92   92   92   92   92   92   92   92   92   92   92   92
   92   92   92   92   92   92   92   92   92   92   92   92   92   92   92   92
   92   92   92   92   92   92   92   92   92
    80.0-180.0 180.0   5.0 350.0                            LAT/LON1/LON2/DLON/H
   92   92   92   92   92   92   92   92   92   92   92   92   92   92   92   92
   92   92   92   92   92   92   92   92   92   92   92   92   92   92   92   92
   92   92   92   92   92   92   92   92   92   92   92   92   92   92   92   92
   92   92   92   92   92   92   92   92   92   92   92   92   92   92   92   92
   92   92   92   92   92   92   92   92   92
    77.5-180.0 180.0   5.0 350.0                            LAT/LON1/LON2/DLON/H
   92   92   92   92   92   92   92   92   92   92   92   92   92   92   92   92
   92   92   92   92   92   92   92   92   92   92   92   92   92   92   92   92
   92   92   92   92   92   92   92   92   92   92   92   92   92   92   92   92
   92   92   92   92   92   92   92   92   92   92   92   92   92   92   92   92
   92   92   92   92   92   92   92   92   92
    75.0-180.0 180.0   5.0 350.0                            LAT/LON1/LON2/DLON/H
   92   92   92   92   92   92   92   92   92   92   92   92   92   92   92   92
   92   92   92   92   92   92   92   92   92   92   92   92   92   92   92   92
   92   92   92   92   92   92   92   92   92   92   92   92   92   92   92   92
   92   92   92   92   92   92   92   92   92   92   92   92   92   92   92   92
   92   92   92   92   92   92   92   92   92
    72.5-180.0 180.0   5.0 350.0                            LAT/LON1/LON2/DLON/H
   92   92   92   92   92   92   92   92   92   92   92   92   92   92   92   92
   92   92   92   92   92   92   92   92   92   92   92   92   92   92   92   92
   92   92   92   92   92   92   92   92   92   92   92   92   92   92   92   92
   92   92   92   92   92   92   92   92   92   92   92   92   92   92   92   92
   92   92   92   92   92   92   92   92   92
    70.0-180.0 180.0   5.0 350.0                            LAT/LON1/LON2/DLON/H
   92   92   92   92   92   92   92   92   92   92   92   92   92   92   92   92
   92   92   92   92   92   92   92   92   92   92   92   92   92   92   92   92
   92   92   92   92   92   92   92   92   92   92   92   92   92   92   92   92
   92   92   92   92   92   92   92   92   92   92   92   92   92   92   92   92
   92   92   92   92   92   92   92   92   92
    67.5-180.0 180.0   5.0 350.0                            LAT/LON1/LON2/DLON/H
   92   92   92   92   92   92   92   92   92   92   92   92   92   92   92   92
   92   92   92   92   92   92   92   92   92   92   92   92   92   92   92   92
   92   92   92   92   92   92   92   92   92   92   92   92   92   92   92   92
   92   92   92   92   92   92   92   97  104  108  109  108  104   99   92   92
   92   92   92   92   92   92   92   92   92
    65.0-180.0 180.0   5.0 350.0                            LAT/LON1/LON2/DLON/H
   92   92   92   92   92   92   92   92   92   92   92   92   92   92   92   92
   92   92   92   92   92   92   92   92   92   92   92   92   92   92   92   92
   92   92   92   92   92   92   92   92   92   92   92   92   92   92   92   92
   92   92  100  117  133  146  157  165  171  173  173  170  164  156  146  135
  124  112  101   92   92   92   92   92   92
    62.5-180.0 180.0   5.0 350.0                            LAT/LON1/LON2/DLON/H
   92   92   92   92   92   92   92   92   92   92   92   92   92   92   92   92
   92   92   92   92   92   92   92   92   92   92   92   92   92   92   92   92
   92   92   92   92   92   92   92   92   92   92   92   92   92   92   92  105
  125  145  165  182  198  211  222  229  234  235  233  229  221  211  199  185
  170  154  138  124  110  100   93   92   92
    60.0-180.0 180.0   5.0 350.0                            LAT/LON1/LON2/DLON/H
   93   92   92   92   92   92   92   92   92   92   92   92   92   92   92   92
   92   92   92   92   92   92   92   92   92   92   92   92   92   92   92   92
   92   92   92   92   92   92   92   92   92   92   92   92   99  118  140  162
  184  206  226  244  259  272  282  289  292  293  290  284  275  263  249  233
  216  197  177  158  140  124  110   99   93
    57.5-180.0 180.0   5.0 350.0                            LAT/LON1/LON2/DLON/H
  102   93   92   92   92   92   92   92   92   92   92   92   92   92   92   92
   92   92   92   92   92   92   92   92   92   92   92   92   92   92   92   92
   92   92   92   92   92   92   92   92   92   92  105  124  145  168  192  217
  240  262  282  300  316  328  338  344  347  346  342  335  326  313  297  280
  260  239  217  194  172  151  131  115  102
    55.0-180.0 180.0   5.0 350.0                            LAT/LON1/LON2/DLON/H
  116  100   92   92   92   92   92   92   92   92   92   92   92   92   92   92
   92   92   92   92   92   92   92   92   92   92   92   92   92   92   92   92
   92   92   92   92   92   92   92   95  107  123  144  166  191  217  243  269
  293  315  336  353  368  380  389  395  397  396  391  384  373  359  343  324
  303  280  256  231  205  180  157  135  116
    52.5-180.0 180.0   5.0 350.0                            LAT/LON1/LON2/DLON/H
  134  113   95   92   92   92   92   92   92   92   92   92   92   92   92   92
   92   92   92   92   92   92   92   92   92   92   92   92   92   92   92   92
   92   92   92   92   92   96  105  118  137  158  183  209  236  264  291  318
  342  365  385  402  417  428  436  441  443  441  436  428  417  403  386  366
  344  320  294  267  239  212  184  158  134
    50.0-180.0 180.0   5.0 350.0                            LAT/LON1/LON2/DLON/H
  156  130  107   92   92   92   92   92   92   92   92   92   92   92   92   92
   92   92   92   92   92   92   92   92   92   92   92   92   92   92   92   92
   92   92   92   92   98  110  125  145  168  194  222  251  280  309  337  364
  388  411  430  447  461  472  480  484  485  483  477  469  457  443  425  405
  383  358  331  303  273  243  213  184  156
    47.5-180.0 180.0   5.0 350.0                            LAT/LON1/LON2/DLON/H
  180  151  123   99   92   92   92   92   92   92   92   92   92   92   92   92
   92   92   92   92   92   92   92   92   92   92   92   92   92   92   92   92
   92   92   92   97  111  128  150  174  202  231  261  292  322  352  380  407
  431  453  472  488  502  512  519  523  523  521  515  506  494  480  462  442
  419  394  366  337  307  275  243  211  180
    45.0-180.0 180.0   5.0 350.0                            LAT/LON1/LON2/DLON/H
  206  174  143  114   92   92   92   92   92   92   92   92   92   92   92   92
   92   92   92   92   92   92   92   92   92   92   92   92   92   92   92   92
   92   92   93  109  128  151  177  205  236  267  299  331  362  392  420  447
  470  492  510  526  539  548  555  558  558  555  549  540  528  513  496  475
  452  427  399  370  339  306  273  239  206
    42.5-180.0 180.0   5.0 350.0                            LAT/LON1/LON2/DLON/H
  233  198  164  132  102   92   92   92   92   92   92   92   92   92   92   92
   92   92   92   92   92   92   92   92   92   92   92   92   92   92   92   92
   92   92  103  125  149  176  206  237  270  303  336  368  400  430  457  483
  506  527  545  560  572  581  586  589  589  586  580  571  559  544  526  506
  483  458  431  401  369  336  302  268  233
    40.0-180.0 180.0   5.0 350.0                            LAT/LON1/LON2/DLON/H
  259  223  187  153  120   92   92   92   92   92   92   92   92   92   92   92
   92   92   92   92   92   92   92   92   92   92   92   92   92   92   92   92
   92   96  119  144  173  203  235  269  303  337  371  403  435  464  492  517
  539  559  576  590  601  609  615  617  617  613  607  598  586  571  554  534
  512  487  459  430  398  365  331  295  259
    37.5-180.0 180.0   5.0 350.0                            LAT/LON1/LON2/DLON/H
  285  248  211  175  139  106   92   92   92   92   92   92   92   92   92   92
   92   92   92   92   92   92   92   92   92   92   92   92   92   92   92   92
   92  110  137  166  198  231  265  300  335  370  404  436  467  496  523  547
  568  587  604  617  627  635  640  642  641  637  631  622  610  596  579  559
  537  512  486  456  425  392  358  322  285
    35.0-180.0 180.0   5.0 350.0                            LAT/LON1/LON2/DLON/H
  311  273  235  197  160  124   92   92   92   92   92   92   92   92   92   92
   92   92   92   92   92   92   92   92   92   92   92   92   92   92   92   92
  100  128  158  190  224  259  295  331  366  401  434  467  497  525  551  574
  595  613  628  640  650  657  661  663  662  658  652  643  631  617  600  581
  559  536  509  481  450  417  383  347  311
    32.5-180.0 180.0   5.0 350.0                            LAT/LON1/LON2/DLON/H
  334  297  258  220  182  144  108   92   92   92   92   92   92   92   92   92
   92   92   92   92   92   92   92   92   92   92   92   92   92   92   92   92
  118  148  181  215  251  287  323  360  395  430  463  494  524  551  576  598
  618  635  649  661  670  676  680  681  679  675  669  660  649  635  619  600
  579  556  530  502  472  440  407  371  334
    30.0-180.0 180.0   5.0 350.0                            LAT/LON1/LON2/DLON/H
  357  319  281  242  203  165  127   92   92   92   92   92   92   92   92   92
   92   92   92   92   92   92   92   92   92   92   92   92   92   92   92  106
  137  170  205  241  277  314  351  387  422  456  489  519  548  574  598  619
  637  653  667  678  686  692  695  696  694  690  684  675  664  650  635  617
  596  574  549  522  492  461  428  393  357
    27.5-180.0 180.0   5.0 350.0                            LAT/LON1/LON2/DLON/H
  378  340  302  264  224  185  147  109   92   92   92   92   92   92   92   92
   92   92   92   92   92   92   92   92   92   92   92   92   92   92   93  124
  158  193  229  266  303  340  377  413  447  481  512  542  569  594  617  637
  654  669  682  692  699  705  707  708  706  702  695  687  676  663  648  630
  610  589  564  538  510  480  447  413  378
    25.0-180.0 180.0   5.0 350.0                            LAT/LON1/LON2/DLON/H
  396  360  322  284  245  206  167  128   92   92   92   92   92   92   92   92
   92   92   92   92   92   92   92   92   92   92   92   92   92   92  111  144
  179  215  252  290  327  364  401  436  470  502  533  561  587  611  633  652
  668  682  694  703  710  715  717  717  715  711  704  696  685  673  658  641
  622  601  578  552  525  495  464  431  396
    22.5-180.0 180.0   5.0 350.0                            LAT/LON1/LON2/DLON/H
  413  377  340  303  264  225  186  147  109   92   92   92   92   92   92   92
   92   92   92   92   92   92   92   92   92   92   92   92   92   96  130  165
  201  238  275  313  350  387  423  457  490  522  551  578  603  626  646  664
  679  692  703  712  718  722  724  723  721  717  710  702  692  680  665  649
  631  610  588  564  537  509  479  447  413
    20.0-180.0 180.0   5.0 350.0                            LAT/LON1/LON2/DLON/H
  427  393  357  320  282  243  204  165  126   92   92   92   92   92   92   92
   92   92   92   92   92   92   92   92   92   92   92   92   92  115  150  185
  222  259  297  334  371  407  442  476  508  538  566  592  616  637  657  673
  688  700  710  717  723  726  728  727  725  720  714  706  696  684  670  655
  637  618  596  573  547  520  491  460  427
    17.5-180.0 180.0   5.0 350.0                            LAT/LON1/LON2/DLON/H
  439  406  371  335  298  259  221  182  144  106   92   92   92   92   92   92
   92   92   92   92   92   92   92   92   92   92   92   92   99  134  169  206
  243  280  317  354  391  426  460  493  523  552  579  604  626  647  664  680
  694  705  714  721  726  729  730  729  726  722  715  707  698  686  673  658
  641  622  602  579  555  529  501  471  439
    15.0-180.0 180.0   5.0 350.0                            LAT/LON1/LON2/DLON/H
  449  417  383  348  312  274  236  198  160  122   92   92   92   92   92   92
   92   92   92   92   92   92   92   92   92   92   92   92  117  152  188  225
  262  299  336  372  408  442  475  507  536  564  589  613  634  653  670  684
  697  707  715  722  726  728  729  728  725  720  714  706  697  686  673  659
  642  625  605  583  560  535  508  479  449
    12.5-180.0 180.0   5.0 350.0                            LAT/LON1/LON2/DLON/H
  456  425  393  359  324  288  250  213  175  137  100   92   92   92   92   92
   92   92   92   92   92   92   92   92   92   92   92  100  134  170  206  243
  280  316  353  388  423  456  488  518  546  573  597  619  639  657  673  686
  698  707  714  720  724  726  726  725  722  717  711  703  694  683  671  657
  642  625  606  585  563  539  513  486  456
    10.0-180.0 180.0   5.0 350.0                            LAT/LON1/LON2/DLON/H
  462  432  401  368  334  299  263  226  189  151  114   92   92   92   92   92
   92   92   92   92   92   92   92   92   92   92   92  116  151  187  223  259
  296  332  367  402  436  468  498  527  554  579  602  623  642  659  673  686
  696  705  711  716  720  721  721  719  716  711  705  698  689  679  667  653
  639  622  604  585  564  541  516  490  462
     7.5-180.0 180.0   5.0 350.0                            LAT/LON1/LON2/DLON/H
  465  436  406  375  342  308  273  237  201  164  127   92   92   92   92   92
   92   92   92   92   92   92   92   92   92   92   98  132  167  203  238  274
  310  346  380  414  446  477  506  534  560  583  605  625  642  658  671  683
  693  700  706  711  713  714  714  712  709  704  698  691  682  672  661  648
  634  618  601  582  562  540  517  491  465
     5.0-180.0 180.0   5.0 350.0                            LAT/LON1/LON2/DLON/H
  465  438  410  379  348  315  281  246  211  175  139  103   92   92   92   92
   92   92   92   92   92   92   92   92   92   92  112  147  181  217  252  288
  323  357  391  423  454  484  512  538  563  585  606  624  641  655  667  678
  687  694  699  703  705  706  705  703  699  695  689  681  673  663  652  640
  627  612  595  577  558  537  515  491  465
     2.5-180.0 180.0   5.0 350.0                            LAT/LON1/LON2/DLON/H
  464  438  411  382  352  320  287  254  219  184  149  114   92   92   92   92
   92   92   92   92   92   92   92   92   92   92  126  160  194  229  264  299
  333  366  399  430  460  489  516  541  564  585  604  621  637  650  661  671
  679  685  690  693  695  695  694  692  688  684  678  671  662  653  642  631
  618  603  588  571  552  533  511  488  464
