Space weather/ckmg0760.15i
     1.0            IONOSPHERE MAPS     GNSS                IONEX VERSION / TYPE
BIMINX V5.3         AIUB                22-MAR-15 07:58     PGM / RUN BY / DATE 
CODE'S KLOBUCHAR-STYLE IONOSPHERE MODEL FOR DAY 076, 2015   COMMENT             
  2015     3    17     0     0     0                        EPOCH OF FIRST MAP  
  2015     3    18     0     0     0                        EPOCH OF LAST MAP   
  3600                                                      INTERVAL            
    25                                                      # OF MAPS IN FILE   
  NONE                                                      MAPPING FUNCTION    
     0.0                                                    ELEVATION CUTOFF    
                                                            OBSERVABLES USED    
  6371.0                                                    BASE RADIUS         
     2                                                      MAP DIMENSION       
   350.0 350.0   0.0                                        HGT1 / HGT2 / DHGT  
    87.5 -87.5  -2.5                                        LAT1 / LAT2 / DLAT  
  -180.0 180.0   5.0                                        LON1 / LON2 / DLON  
    -1                                                      EXPONENT            
TEC/RMS values in 0.1 TECU; 9999, if no value available     COMMENT             
                                                            END OF HEADER       
[from data line 2145]
     6                                                      START OF TEC MAP    
  2015     3    17     5     0     0                        EPOCH OF CURRENT MAP
    87.5-180.0 180.0   5.0 350.0                            LAT/LON1/LON2/DLON/H
   92   92   92   92   92   92   92   92   92   92   92   92   92   92   92   92
   92   92   92   92   92   92   92   92   92   92   92   92   92   92   92   92
   92   92   92   92   92   92   92   92   92   92   92   92   92   92   92   92
   92   92   92   92   92   92   92   92   92   92   92   92   92   92   92   92
   92   92   92   92   92   92   92   92   92
    85.0-180.0 180.0   5.0 350.0                            LAT/LON1/LON2/DLON/H
   92   92   92   92   92   92   92   92   92   92   92   92   92   92   92   92
   92   92   92   92   92   92   92   92   92   92   92   92   92   92   92   92
   92   92   92   92   92   92   92   92   92   92   92   92   92   92   92   92
   92   92   92   92   92   92   92   92   92   92   92   92   92   92   92   92
   92   92   92   92   92   92   92   92   92
    82.5-180.0 180.0   5.0 350.0                            LAT/LON1/LON2/DLON/H
   92   92   92   92   92   92   92   92   92   92   92   92   92   92   92   92
   92   92   92   92   92   92   92   92   92   92   92   92   92   92   92   92
   92   92   92   92   92   92   92   92   92   92   92   92   92   92   92   92
   92   92   92   92   92   92   92   92   92   92   92   92   92   92   92   92
   92   92   92   92   92   92   92   92   92
    80.0-180.0 180.0   5.0 350.0                            LAT/LON1/LON2/DLON/H
   92   92   92   92   92   92   92   92   92   92   92   92   92   92   92   92
   92   92   92   92   92   92   92   92   92   92   92   92   92   92   92   92
   92   92   92   92   92   92   92   92   92   92   92   92   92   92   92   92
   92   92   92   92   92   92   92   92   92   92   92   92   92   92   92   92
   92   92   92   92   92   92   92   92   92
    77.5-180.0 180.0   5.0 350.0                            LAT/LON1/LON2/DLON/H
   92   92   92   92   92   92   92   92   92   92   92   92   92   92   92   92
   92   92   92   92   92   92   92   92   92   92   92   92   92   92   92   92
   92   92   92   92   92   92   92   92   92   92   92   92   92   92   92   92
   92   92   92   92   92   92   92   92   92   92   92   92   92   92   92   92
   92   92   92   92   92   92   92   92   92
    75.0-180.0 180.0   5.0 350.0                            LAT/LON1/LON2/DLON/H
   92   92   92   92   92   92   92   92   92   92   92   92   92   92   92   92
   92   92   92   92   92   92   92   92   92   92   92   92   92   92   92   92
   92   92   92   92   92   92   92   92   92   92   92   92   92   92   92   92
   92   92   92   92   92   92   92   92   92   92   92   92   92   92   92   92
   92   92   92   92   92   92   92   92   92
    72.5-180.0 180.0   5.0 350.0                            LAT/LON1/LON2/DLON/H
   92   92   92   92   92   92   92   92   92   92   92   92   92   92   92   92
   92   92   92   92   92   92   92   92   92   92   92   92   92   92   92   92
   92   92   92   92   92   92   92   92   92   92   92   92   92   92   92   92
   92   92   92   92   92   92   92   92   92   92   92   92   92   92   92   92
   92   92   92   92   92   92   92   92   92
    70.0-180.0 180.0   5.0 350.0                            LAT/LON1/LON2/DLON/H
   92   92   92   92   92   92   92   92   92   92   92   92   92   92   92   92
   92   92   92   92   92   92   92   92   92   92   92   92   92   92   92   92
   92   92   92   92   92   92   92   92   92   92   92   92   92   92   92   92
   92   92   92   92   92   92   92   92   92   92   92   92   92   92   92   92
   92   92   92   92   92   92   92   92   92
    67.5-180.0 180.0   5.0 350.0                            LAT/LON1/LON2/DLON/H
   92   92   92   92   92   92   92   92   92   92   92   92   92   92   92   92
   92   92   92   92   92   92   92   92   92   92   92   92   92   92   92   92
   92   92   92   92   92   92   92   92   92   92   92   92   92   92   92   92
   92   92   92   92   92   92   92   96  102  106  108  108  105  100   92   92
   92   92   92   92   92   92   92   92   92
    65.0-180.0 180.0   5.0 350.0                            LAT/LON1/LON2/DLON/H
   92   92   92   92   92   92   92   92   92   92   92   92   92   92   92   92
   92   92   92   92   92   92   92   92   92   92   92   92   92   92   92   92
   92   92   92   92   92   92   92   92   92   92   92   92   92   92   92   92
   92   92   96  106  117  129  140  150  159  166  170  172  171  168  161  151
  139  124  108   92   92   92   92   92   92
    62.5-180.0 180.0   5.0 350.0                            LAT/LON1/LON2/DLON/H
   92   92   92   92   92   92   92   92   92   92   92   92   92   92   92   92
   92   92   92   92   92   92   92   92   92   92   92   92   92   92   92   92
   92   92   92   92   92   92   92   92   92   92   92   92   92   92   92   95
  104  115  129  144  160  175  189  203  214  223  229  233  233  231  225  216
  205  190  173  155  135  114   93   92   92
    60.0-180.0 180.0   5.0 350.0                            LAT/LON1/LON2/DLON/H
  107   92   92   92   92   92   92   92   92   92   92   92   92   92   92   92
   92   92   92   92   92   92   92   92   92   92   92   92   92   92   92   92
   92   92   92   92   92   92   92   92   92   92   92   92   92   95  102  114
  128  145  164  183  202  220  238  253  266  277  284  289  291  289  285  277
  266  252  235  216  195  173  151  129  107
    57.5-180.0 180.0   5.0 350.0                            LAT/LON1/LON2/DLON/H
  158  135  114   97   92   92   92   92   92   92   92   92   92   92   92   92
   92   92   92   92   92   92   92   92   92   92   92   92   92   92   92   92
   92   92   92   92   92   92   92   92   92   92   92   92   94  104  119  136
  156  178  200  222  244  265  284  301  315  327  336  342  345  344  340  333
  322  309  293  274  253  230  206  182  158
    55.0-180.0 180.0   5.0 350.0                            LAT/LON1/LON2/DLON/H
  207  181  157  135  116  101   92   92   92   92   92   92   92   92   92   92
   92   92   92   92   92   92   92   92   92   92   92   92   92   92   92   92
   92   92   92   92   92   92   92   92   92   92   92   92  102  119  139  162
  186  211  237  261  285  307  328  346  361  374  384  391  394  394  391  385
  375  362  346  328  306  283  259  233  207
    52.5-180.0 180.0   5.0 350.0                            LAT/LON1/LON2/DLON/H
  254  227  199  174  150  130  113  101   94   92   92   92   92   92   92   92
   92   92   92   92   92   92   92   92   92   92   92   92   92   92   92   92
   92   92   92   92   92   92   92   92   92   92   92   97  116  139  163  190
  217  245  273  299  325  348  369  388  405  418  428  436  440  441  438  432
  423  411  396  377  357  333  308  282  254
    50.0-180.0 180.0   5.0 350.0                            LAT/LON1/LON2/DLON/H
  300  271  242  213  186  161  139  120  106   97   92   92   92   92   92   92
   92   92   92   92   92   92   92   92   92   92   92   92   92   92   92   92
   92   92   92   92   92   92   92   92   92   92   92  110  134  161  190  219
  249  279  308  336  362  387  408  428  445  458  469  477  482  483  481  476
  467  456  441  424  403  380  355  328  300
    47.5-180.0 180.0   5.0 350.0                            LAT/LON1/LON2/DLON/H
  343  313  283  252  222  194  168  144  124  108   96   92   92   92   92   92
   92   92   92   92   92   92   92   92   92   92   92   92   92   92   92   92
   92   92   92   92   92   92   92   92   92   92  102  127  156  186  217  249
  281  312  342  371  398  423  445  464  481  496  507  515  520  522  520  516
  508  497  483  466  446  423  399  372  343
    45.0-180.0 180.0   5.0 350.0                            LAT/LON1/LON2/DLON/H
  384  353  322  290  259  228  198  171  146  124  106   92   92   92   92   92
   92   92   92   92   92   92   92   92   92   92   92   92   92   92   92   92
   92   92   92   92   92   92   92   92   92   92  118  147  179  212  245  279
  312  344  375  404  431  456  478  498  515  529  541  549  554  556  555  552
  544  534  521  505  485  463  439  412  384
    42.5-180.0 180.0   5.0 350.0                            LAT/LON1/LON2/DLON/H
  422  392  360  327  295  262  230  199  170  144  121  101   92   92   92   92
   92   92   92   92   92   92   92   92   92   92   92   92   92   92   92   92
   92   92   92   92   92   92   92   92   92  106  137  169  203  238  273  308
  342  375  406  435  462  487  509  528  545  560  571  579  585  588  587  584
  577  568  555  540  521  500  476  450  422
    40.0-180.0 180.0   5.0 350.0                            LAT/LON1/LON2/DLON/H
  457  427  396  363  329  295  262  229  197  167  140  115   94   92   92   92
   92   92   92   92   92   92   92   92   92   92   92   92   92   92   92   92
   92   92   92   92   92   92   92   92   93  124  158  193  229  265  301  336
  370  403  434  463  490  514  536  556  573  587  598  607  612  615  615  612
  607  598  586  571  554  533  510  485  457
    37.5-180.0 180.0   5.0 350.0                            LAT/LON1/LON2/DLON/H
  489  460  429  396  362  328  293  259  225  192  162  133  107   92   92   92
   92   92   92   92   92   92   92   92   92   92   92   92   92   92   92   92
   92   92   92   92   92   92   92   92  110  144  180  216  254  291  327  363
  397  430  460  489  515  539  561  580  597  611  622  631  637  640  640  638
  632  624  613  599  583  563  541  517  489
    35.0-180.0 180.0   5.0 350.0                            LAT/LON1/LON2/DLON/H
  519  490  460  428  394  359  324  288  253  219  185  154  125   98   92   92
   92   92   92   92   92   92   92   92   92   92   92   92   92   92   92   92
   92   92   92   92   92   92   92   94  129  165  202  240  278  316  352  388
  422  454  484  512  538  562  583  602  618  632  643  651  657  661  661  659
  655  647  637  624  609  590  569  545  519
    32.5-180.0 180.0   5.0 350.0                            LAT/LON1/LON2/DLON/H
  546  518  488  457  423  389  353  317  281  245  210  177  145  115   92   92
   92   92   92   92   92   92   92   92   92   92   92   92   92   92   92   92
   92   92   92   92   92   92   92  113  149  187  225  264  302  339  376  411
  444  476  506  533  558  581  602  620  636  649  660  669  675  679  680  678
  674  667  658  646  631  614  593  571  546
    30.0-180.0 180.0   5.0 350.0                            LAT/LON1/LON2/DLON/H
  569  543  514  483  450  416  381  345  308  272  235  200  166  134  103   92
   92   92   92   92   92   92   92   92   92   92   92   92   92   92   92   92
   92   92   92   92   92   92   95  132  170  208  247  286  324  361  397  432
  465  496  524  551  576  598  618  636  651  664  675  684  690  693  695  694
  690  684  676  664  650  634  615  593  569
    27.5-180.0 180.0   5.0 350.0                            LAT/LON1/LON2/DLON/H
  590  565  537  507  475  442  407  371  334  297  260  224  189  154  121   92
   92   92   92   92   92   92   92   92   92   92   92   92   92   92   92   92
   92   92   92   92   92   92  114  151  190  229  268  307  345  382  417  451
  483  513  541  566  590  612  631  648  663  676  687  695  701  705  707  706
  703  698  690  680  667  651  633  613  590
    25.0-180.0 180.0   5.0 350.0                            LAT/LON1/LON2/DLON/H
  608  584  557  528  498  465  431  395  359  322  285  248  211  176  141  108
   92   92   92   92   92   92   92   92   92   92   92   92   92   92   92   92
   92   92   92   92   92   95  132  171  210  249  288  327  364  400  434  467
  498  527  554  579  602  623  642  658  673  685  696  704  710  714  716  716
  714  709  702  692  680  666  649  630  608
    22.5-180.0 180.0   5.0 350.0                            LAT/LON1/LON2/DLON/H
  623  600  575  547  517  486  453  418  382  345  308  271  234  197  162  127
   94   92   92   92   92   92   92   92   92   92   92   92   92   92   92   92
   92   92   92   92   92  113  151  190  229  268  307  344  381  416  449  481
  511  539  565  589  612  632  650  666  680  692  702  710  717  721  723  723
  721  717  711  702  691  678  662  644  623
    20.0-180.0 180.0   5.0 350.0                            LAT/LON1/LON2/DLON/H
  635  613  589  563  535  504  472  438  403  367  330  293  256  219  182  147
  113   92   92   92   92   92   92   92   92   92   92   92   92   92   92   92
   92   92   92   92   92  130  169  208  247  285  323  360  396  430  462  493
  522  549  574  597  618  638  655  671  684  696  706  714  720  725  727  728
  726  722  717  709  699  686  672  655  635
    17.5-180.0 180.0   5.0 350.0                            LAT/LON1/LON2/DLON/H
  645  624  601  576  549  520  489  456  422  387  350  313  276  239  202  166
  131   97   92   92   92   92   92   92   92   92   92   92   92   92   92   92
   92   92   92   92  109  147  186  225  263  301  338  374  408  441  473  502
  530  556  580  602  623  641  658  673  686  698  707  715  722  726  729  730
  728  725  720  713  704  693  679  663  645
    15.0-180.0 180.0   5.0 350.0                            LAT/LON1/LON2/DLON/H
  652  633  611  587  561  533  504  472  439  404  369  332  296  259  222  185
  150  115   92   92   92   92   92   92   92   92   92   92   92   92   92   92
   92   92   92   92  125  163  202  240  278  315  351  385  419  451  481  509
  536  561  584  605  625  643  659  673  686  697  706  714  720  725  728  729
  728  726  722  715  707  696  684  669  652
    12.5-180.0 180.0   5.0 350.0                            LAT/LON1/LON2/DLON/H
  656  638  618  596  571  544  516  485  453  420  385  350  313  277  240  204
  168  133   98   92   92   92   92   92   92   92   92   92   92   92   92   92
   92   92   92  103  140  178  216  253  290  326  361  395  427  458  487  514
  539  563  585  606  624  641  657  671  683  694  703  711  717  722  725  726
  726  724  720  715  707  698  686  672  656
    10.0-180.0 180.0   5.0 350.0                            LAT/LON1/LON2/DLON/H
  658  642  623  601  578  553  525  496  465  433  399  365  329  293  257  221
  185  149  115   92   92   92   92   92   92   92   92   92   92   92   92   92
   92   92   92  117  154  191  228  265  301  336  370  402  433  462  490  516
  541  563  585  604  622  638  653  666  678  689  698  705  712  716  720  721
  722  720  717  712  705  697  686  673  658
     7.5-180.0 180.0   5.0 350.0                            LAT/LON1/LON2/DLON/H
  658  642  625  605  583  559  533  505  475  444  411  378  343  308  272  236
  201  165  131   97   92   92   92   92   92   92   92   92   92   92   92   92
   92   92   94  130  166  203  239  275  310  343  376  407  437  465  491  516
  540  561  582  600  617  633  647  660  672  682  691  698  704  709  713  715
  715  714  711  707  701  693  684  672  658
     5.0-180.0 180.0   5.0 350.0                            LAT/LON1/LON2/DLON/H
  656  641  624  606  585  562  538  511  483  453  421  389  355  321  286  250
  215  180  145  111   92   92   92   92   92   92   92   92   92   92   92   92
   92   92  106  141  177  213  248  283  316  349  380  410  438  465  491  514
  537  557  577  594  611  626  639  652  663  673  681  689  695  700  703  706
  707  706  704  700  695  688  679  668  656
     2.5-180.0 180.0   5.0 350.0                            LAT/LON1/LON2/DLON/H
  651  638  622  605  585  564  540  515  488  459  429  397  365  331  297  262
  228  193  159  125   92   92   92   92   92   92   92   92   92   92   92   92
   92   92  116  151  186  221  255  288  321  352  382  411  438  463  488  510
  531  551  569  586  602  616  630  642  652  662  670  678  684  689  693  695
  696  696  695  692  687  681  673  663  651
