Space weather/ckmg0770.15i
     1.0            IONOSPHERE MAPS     GNSS                IONEX VERSION / TYPE
BIMINX V5.3         AIUB                23-MAR-15 07:51     PGM / RUN BY / DATE 
CODE'S KLOBUCHAR-STYLE IONOSPHERE MODEL FOR DAY 077, 2015   COMMENT             
  2015     3    18     0     0     0                        EPOCH OF FIRST MAP  
  2015     3    19     0     0     0                        EPOCH OF LAST MAP   
  3600                                                      INTERVAL            
    25                                                      # OF MAPS IN FILE   
  NONE                                                      MAPPING FUNCTION    
     0.0                                                    ELEVATION CUTOFF    
                                                            OBSERVABLES USED    
  6371.0                                                    BASE RADIUS         
     2                                                      MAP DIMENSION       
   350.0 350.0   0.0                                        HGT1 / HGT2 / DHGT  
    87.5 -87.5  -2.5                                        LAT1 / LAT2 / DLAT  
  -180.0 180.0   5.0                                        LON1 / LON2 / DLON  
    -1                                                      EXPONENT            
TEC/RMS values in 0.1 TECU; 9999, if no value available     COMMENT             
                                                            END OF HEADER       
[from data line 3432]
     9                                                      START OF TEC MAP    
  2015     3    18     8     0     0                        EPOCH OF CURRENT MAP
    87.5-180.0 180.0   5.0 350.0                            LAT/LON1/LON2/DLON/H
   92   92   92   92   92   92   92   92   92   92   92   92   92   92   92   92
   92   92   92   92   92   92   92   92   92   92   92   92   92   92   92   92
   92   92   92   92   92   92   92   92   92   92   92   92   92   92   92   92
   92   92   92   92   92   92   92   92   92   92   92   92   92   92   92   92
   92   92   92   92   92   92   92   92   92
    85.0-180.0 180.0   5.0 350.0                            LAT/LON1/LON2/DLON/H
   92   92   92   92   92   92   92   92   92   92   92   92   92   92   92   92
   92   92   92   92   92   92   92   92   92   92   92   92   92   92   92   92
   92   92   92   92   92   92   92   92   92   92   92   92   92   92   92   92
   92   92   92   92   92   92   92   92   92   92   92   92   92   92   92   92
   92   92   92   92   92   92   92   92   92
    82.5-180.0 180.0   5.0 350.0                            LAT/LON1/LON2/DLON/H
   92   92   92   92   92   92   92   92   92   92   92   92   92   92   92   92
   92   92   92   92   92   92   92   92   92   92   92   92   92   92   92   92
   92   92   92   92   92   92   92   92   92   92   92   92   92   92   92   92
   92   92   92   92   92   92   92   92   92   92   92   92   92   92   92   92
   92   92   92   92   92   92   92   92   92
    80.0-180.0 180.0   5.0 350.0                            LAT/LON1/LON2/DLON/H
   92   92   92   92   92   92   92   92   92   92   92   92   92   92   92   92
   92   92   92   92   92   92   92   92   92   92   92   92   92   92   92   92
   92   92   92   92   92   92   92   92   92   92   92   92   92   92   92   92
   92   92   92   92   92   92   92   92   92   92   92   92   92   92   92   92
   92   92   92   92   92   92   92   92   92
    77.5-180.0 180.0   5.0 350.0                            LAT/LON1/LON2/DLON/H
   92   92   92   92   92   92   92   92   92   92   92   92   92   92   92   92
   92   92   92   92   92   92   92   92   92   92   92   92   92   92   92   92
   92   92   92   92   92   92   92   92   92   92   92   92   92   92   92   92
   92   92   92   92   92   92   92   92   92   92   92   92   92   92   92   92
   92   92   92   92   92   92   92   92   92
    75.0-180.0 180.0   5.0 350.0                            LAT/LON1/LON2/DLON/H
   92   92   92   92   92   92   92   92   92   92   92   92   92   92   92   92
   92   92   92   92   92   92   92   92   92   92   92   92   92   92   92   92
   92   92   92   92   92   92   92   92   92   92   92   92   92   92   92   92
   92   92   92   92   92   92   92   92   92   92   92   92   92   92   92   92
   92   92   92   92   92   92   92   92   92
    72.5-180.0 180.0   5.0 350.0                            LAT/LON1/LON2/DLON/H
   92   92   92   92   92   92   92   92   92   92   92   92   92   92   92   92
   92   92   92   92   92   92   92   92   92   92   92   92   92   92   92   92
   92   92   92   92   92   92   92   92   92   92   92   92   92   92   92   92
   92   92   92   92   92   92   92   92   92   92   92   92   92   92   92   92
   92   92   92   92   92   92   92   92   92
    70.0-180.0 180.0   5.0 350.0                            LAT/LON1/LON2/DLON/H
   92   92   92   92   92   92   92   92   92   92   92   92   92   92   92   92
   92   92   92   92   92   92   92   92   92   92   92   92   92   92   92   92
   92   92   92   92   92   92   92   92   92   92   92   92   92   92   92   92
   92   92   92   92   92   92   92   92   92   92   92   92   92   92   92   92
   92   92   92   92   92   92   92   92   92
    67.5-180.0 180.0   5.0 350.0                            LAT/LON1/LON2/DLON/H
   92   92   92   92   92   92   92   92   92   92   92   92   92   92   92   92
   92   92   92   92   92   92   92   92   92   92   92   92   92   92   92   92
   92   92   92   92   92   92   92   92   92   92   92   92   92   92   92   92
   92   92   92   92   92   92   92   92   92   92   92   92   92   92   92   92
   92   92   92   92   92   92   92   92   92
    65.0-180.0 180.0   5.0 350.0                            LAT/LON1/LON2/DLON/H
   92   92   92   92   92   92   92   92   92   92   92   92   92   92   92   92
   92   92   92   92   92   92   92   92   92   92   92   92   92   92   92   92
   92   92   92   92   92   92   92   92   92   92   92   92   92   92   92   92
   92   92   92   92   97  102  106  109  111  112  112  111  109  106  103   99
   96   93   92   92   92   92   92   92   92
    62.5-180.0 180.0   5.0 350.0                            LAT/LON1/LON2/DLON/H
   92   92   92   92   92   92   92   92   92   92   92   92   92   92   92   92
   92   92   92   92   92   92   92   92   92   92   92   92   92   92   92   92
   92   92   92   92   92   92   92   92   92   92   92   92   92   92   92   92
   95  102  109  116  123  128  133  136  138  139  139  137  134  129  124  118
  112  106  101   96   93   92   92   92   92
    60.0-180.0 180.0   5.0 350.0                            LAT/LON1/LON2/DLON/H
   92   92   92   92   92   92   92   92   92   92   92   92   92   92   92   92
   92   92   92   92   92   92   92   92   92   92   92   92   92   92   92   92
   92   92   92   92   92   92   92   92   92   92   92   92   92   94  101  109
  117  126  135  143  151  157  162  166  168  168  167  165  161  155  149  142
  133  125  117  109  102   96   93   92   92
    57.5-180.0 180.0   5.0 350.0                            LAT/LON1/LON2/DLON/H
   92   92   92   92   92   92   92   92   92   92   92   92   92   92   92   92
   92   92   92   92   92   92   92   92   92   92   92   92   92   92   92   92
   92   92   92   92   92   92   92   92   92   92   92   96  103  111  121  132
  143  153  163  173  181  188  193  197  199  199  198  195  190  184  176  168
  158  148  137  126  116  107   99   93   92
    55.0-180.0 180.0   5.0 350.0                            LAT/LON1/LON2/DLON/H
   94   92   92   92   92   92   92   92   92   92   92   92   92   92   92   92
   92   92   92   92   92   92   92   92   92   92   92   92   92   92   92   92
   92   92   92   92   92   92   92   92   93   96  103  111  122  133  146  158
  171  183  194  204  212  220  225  229  231  232  230  227  221  215  206  196
  185  173  161  148  135  123  112  102   94
    52.5-180.0 180.0   5.0 350.0                            LAT/LON1/LON2/DLON/H
  104   94   92   92   92   92   92   92   92   92   92   92   92   92   92   92
   92   92   92   92   92   92   92   92   92   92   92   92   92   92   92   92
   92   92   92   92   92   92   92   95  101  109  119  131  144  158  173  187
  201  214  226  236  246  253  259  263  265  265  264  260  254  247  237  227
  215  201  187  173  158  143  129  116  104
    50.0-180.0 180.0   5.0 350.0                            LAT/LON1/LON2/DLON/H
  119  105   94   92   92   92   92   92   92   92   92   92   92   92   92   92
   92   92   92   92   92   92   92   92   92   92   92   92   92   92   92   92
   92   92   92   92   92   92   97  104  114  126  140  155  170  186  202  218
  233  246  259  270  280  288  294  298  300  300  298  294  288  280  270  258
  246  231  216  200  183  166  150  134  119
    47.5-180.0 180.0   5.0 350.0                            LAT/LON1/LON2/DLON/H
  138  121  106   93   92   92   92   92   92   92   92   92   92   92   92   92
   92   92   92   92   92   92   92   92   92   92   92   92   92   92   92   92
   92   92   92   92   92   99  108  119  133  148  164  181  199  216  233  250
  266  280  293  305  315  323  329  333  335  335  333  328  322  313  303  291
  277  262  246  229  211  192  174  155  138
    45.0-180.0 180.0   5.0 350.0                            LAT/LON1/LON2/DLON/H
  160  141  123  107   92   92   92   92   92   92   92   92   92   92   92   92
   92   92   92   92   92   92   92   92   92   92   92   92   92   92   92   92
   92   92   92   92  100  111  124  139  155  173  191  210  229  247  266  283
  299  314  328  340  350  358  364  368  370  370  367  363  356  347  337  324
  310  294  277  259  240  220  200  179  160
    42.5-180.0 180.0   5.0 350.0                            LAT/LON1/LON2/DLON/H
  184  163  142  123  106   92   92   92   92   92   92   92   92   92   92   92
   92   92   92   92   92   92   92   92   92   92   92   92   92   92   92   92
   92   92   92  102  114  128  144  161  180  200  220  240  260  280  299  317
  334  349  363  375  385  393  399  403  405  404  402  397  390  381  370  357
  343  326  309  290  269  248  227  205  184
    40.0-180.0 180.0   5.0 350.0                            LAT/LON1/LON2/DLON/H
  210  187  165  143  123  105   92   92   92   92   92   92   92   92   92   92
   92   92   92   92   92   92   92   92   92   92   92   92   92   92   92   92
   92   92  103  116  131  149  167  187  207  229  250  271  292  313  332  351
  368  383  397  409  419  428  434  437  439  438  436  431  424  414  403  390
  375  358  340  321  300  278  255  233  210
    37.5-180.0 180.0   5.0 350.0                            LAT/LON1/LON2/DLON/H
  236  212  188  165  143  122  103   92   92   92   92   92   92   92   92   92
   92   92   92   92   92   92   92   92   92   92   92   92   92   92   92   92
   92  104  118  135  153  172  193  214  236  259  281  303  325  346  366  385
  402  417  431  443  453  461  467  471  472  471  469  463  456  447  435  422
  407  390  371  351  330  308  284  261  236
    35.0-180.0 180.0   5.0 350.0                            LAT/LON1/LON2/DLON/H
  264  238  213  189  164  142  120  100   92   92   92   92   92   92   92   92
   92   92   92   92   92   92   92   92   92   92   92   92   92   92   92   92
  104  120  137  156  176  197  220  243  266  289  313  336  358  379  399  418
  435  451  464  476  486  494  499  503  504  503  500  495  487  478  466  453
  438  421  402  381  360  337  313  289  264
    32.5-180.0 180.0   5.0 350.0                            LAT/LON1/LON2/DLON/H
  291  265  239  213  187  163  139  117   96   92   92   92   92   92   92   92
   92   92   92   92   92   92   92   92   92   92   92   92   92   92   92  105
  121  139  159  179  201  224  248  272  296  320  344  368  390  411  431  450
  467  482  496  507  517  524  530  533  534  533  530  524  517  507  496  482
  467  450  431  411  389  366  342  317  291
    30.0-180.0 180.0   5.0 350.0                            LAT/LON1/LON2/DLON/H
  318  291  264  237  211  185  160  136  113   92   92   92   92   92   92   92
   92   92   92   92   92   92   92   92   92   92   92   92   92   92  105  122
  141  161  182  204  228  252  277  302  327  351  375  399  421  443  463  481
  498  513  526  537  546  553  558  561  562  561  557  552  544  535  523  510
  495  478  459  438  417  393  369  344  318
    27.5-180.0 180.0   5.0 350.0                            LAT/LON1/LON2/DLON/H
  344  317  290  262  235  207  181  155  131  108   92   92   92   92   92   92
   92   92   92   92   92   92   92   92   92   92   92   92   92  105  122  141
  162  184  207  231  255  280  306  331  357  381  406  429  451  473  492  510
  527  541  554  565  573  580  585  587  588  586  583  577  570  560  549  535
  520  503  485  465  443  420  395  370  344
    25.0-180.0 180.0   5.0 350.0                            LAT/LON1/LON2/DLON/H
  368  341  314  286  258  230  203  176  150  126  102   92   92   92   92   92
   92   92   92   92   92   92   92   92   92   92   92   92  104  122  142  163
  185  208  232  257  282  308  334  360  386  411  435  458  480  501  520  538
  553  567  580  590  598  604  608  610  611  609  605  600  592  583  571  558
  543  527  508  488  467  444  420  395  368
    22.5-180.0 180.0   5.0 350.0                            LAT/LON1/LON2/DLON/H
  392  365  337  309  281  252  224  197  170  144  119   96   92   92   92   92
   92   92   92   92   92   92   92   92   92   92   92  102  121  141  162  185
  208  233  258  283  309  336  362  388  414  438  462  485  507  527  546  563
  578  591  602  612  619  625  629  631  630  628  625  619  611  602  591  578
  564  547  529  510  489  466  443  418  392
    20.0-180.0 180.0   5.0 350.0                            LAT/LON1/LON2/DLON/H
  413  386  358  330  302  273  245  217  189  162  136  111   92   92   92   92
   92   92   92   92   92   92   92   92   92   92  100  120  140  161  184  207
  232  257  283  309  336  362  389  415  440  464  488  510  531  551  569  585
  599  612  622  631  638  643  646  647  647  644  640  635  627  618  607  595
  581  565  547  528  508  486  463  438  413
    17.5-180.0 180.0   5.0 350.0                            LAT/LON1/LON2/DLON/H
  431  405  378  350  322  293  265  236  208  180  153  127  103   92   92   92
   92   92   92   92   92   92   92   92   92   97  117  137  159  182  206  230
  255  281  308  334  361  387  414  439  464  488  511  533  553  572  589  604
  617  629  638  646  652  657  659  660  659  656  652  647  639  630  620  608
  594  579  562  544  524  503  480  456  431
    15.0-180.0 180.0   5.0 350.0                            LAT/LON1/LON2/DLON/H
  447  422  395  368  340  311  283  254  225  197  170  143  118   93   92   92
   92   92   92   92   92   92   92   92   93  113  134  156  179  202  227  252
  278  304  331  358  385  411  437  462  486  510  532  553  572  589  605  619
  632  642  651  658  663  667  668  669  667  664  660  654  647  638  628  617
  604  589  573  556  537  516  495  471  447
    12.5-180.0 180.0   5.0 350.0                            LAT/LON1/LON2/DLON/H
  460  435  410  383  355  327  299  270  242  214  186  158  132  106   92   92
   92   92   92   92   92   92   92   92  108  129  151  174  198  222  248  273
  300  326  353  380  406  432  458  482  506  528  550  569  587  604  618  631
  642  652  659  665  669  672  673  673  671  668  663  658  651  642  633  622
  609  596  580  564  546  526  506  483  460
    10.0-180.0 180.0   5.0 350.0                            LAT/LON1/LON2/DLON/H
  469  446  421  395  369  341  313  285  256  228  200  172  145  119   94   92
   92   92   92   92   92   92   92  101  123  145  168  192  216  241  267  293
  320  346  373  400  426  451  476  500  522  544  564  582  599  614  627  639
  649  657  663  668  671  673  673  672  670  666  662  656  649  641  632  622
  610  597  583  568  551  533  513  492  469
     7.5-180.0 180.0   5.0 350.0                            LAT/LON1/LON2/DLON/H
  475  453  429  404  379  352  325  297  269  241  213  185  158  131  105   92
   92   92   92   92   92   92   93  114  137  160  184  208  233  259  285  311
  338  364  391  417  442  467  491  514  536  556  574  591  607  620  632  642
  651  657  662  666  668  668  668  666  663  659  655  649  643  635  626  617
  606  595  582  567  552  535  516  496  475
     5.0-180.0 180.0   5.0 350.0                            LAT/LON1/LON2/DLON/H
  477  456  434  410  386  360  334  307  279  251  223  196  168  142  115   92
   92   92   92   92   92   92  104  126  150  174  198  223  249  275  301  327
  354  380  406  432  456  480  503  525  545  564  581  597  610  622  632  641
  647  652  656  658  659  658  657  654  651  647  642  637  630  623  616  607
  597  587  575  562  548  532  515  497  477
     2.5-180.0 180.0   5.0 350.0                            LAT/LON1/LON2/DLON/H
  475  456  435  413  389  365  339  313  286  259  232  205  177  150  124   98
   92   92   92   92   92   92  114  138  162  186  211  237  263  289  315  341
  367  393  418  443  467  490  511  532  551  568  583  597  609  619  627  634
  639  642  644  645  644  643  640  637  633  629  624  618  612  606  599  591
  583  574  563  552  539  525  510  493  475
