Space weather/ckmg0770.15i
     1.0            IONOSPHERE MAPS     GNSS                IONEX VERSION / TYPE
BIMINX V5.3         AIUB                23-MAR-15 07:51     PGM / RUN BY / DATE 
CODE'S KLOBUCHAR-STYLE IONOSPHERE MODEL FOR DAY 077, 2015   COMMENT             
  2015     3    18     0     0     0                        EPOCH OF FIRST MAP  
  2015     3    19     0     0     0                        EPOCH OF LAST MAP   
  3600                                                      INTERVAL            
    25                                                      # OF MAPS IN FILE   
  NONE                                                      MAPPING FUNCTION    
     0.0                                                    ELEVATION CUTOFF    
                                                            OBSERVABLES USED    
  6371.0                                                    BASE RADIUS         
     2                                                      MAP DIMENSION       
   350.0 350.0   0.0                                        HGT1 / HGT2 / DHGT  
    87.5 -87.5  -2.5                                        LAT1 / LAT2 / DLAT  
  -180.0 180.0   5.0                                        LON1 / LON2 / DLON  
    -1                                                      EXPONENT            
TEC/RMS values in 0.1 TECU; 9999, if no value available     COMMENT             
                                                            END OF HEADER       
[from data line 7722]
    19                                                      START OF TEC MAP    
  2015     3    18    18     0     0                        EPOCH OF CURRENT MAP
    87.5-180.0 180.0   5.0 350.0                            LAT/LON1/LON2/DLON/H
   92   92   92   92   92   92   92   92   92   92   92   92   92   92   92   92
   95  100  105  110  114  117  119  119  117  114  110  105   98   92   92   92
   92   92   92   92   92   92   92   92   92   92   92   92   92   92   92   92
   92   92   92   92   92   92   92   92   92   92   92   92   92   92   92   92
   92   92   92   92   92   92   92   92   92
    85.0-180.0 180.0   5.0 350.0                            LAT/LON1/LON2/DLON/H
   92   92   92   92   92   92   92   92   92   92   92   92   92   92   92   92
   95  100  105  110  114  117  119  119  117  114  110  105   98   92   92   92
   92   92   92   92   92   92   92   92   92   92   92   92   92   92   92   92
   92   92   92   92   92   92   92   92   92   92   92   92   92   92   92   92
   92   92   92   92   92   92   92   92   92
    82.5-180.0 180.0   5.0 350.0                            LAT/LON1/LON2/DLON/H
   92   92   92   92   92   92   92   92   92   92   92   92   92   92   92   92
   95  100  105  110  114  117  119  119  117  114  110  105   98   92   92   92
   92   92   92   92   92   92   92   92   92   92   92   92   92   92   92   92
   92   92   92   92   92   92   92   92   92   92   92   92   92   92   92   92
   92   92   92   92   92   92   92   92   92
    80.0-180.0 180.0   5.0 350.0                            LAT/LON1/LON2/DLON/H
   92   92   92   92   92   92   92   92   92   92   92   92   92   92   92   92
   95  100  105  110  114  117  119  119  117  114  110  105   98   92   92   92
   92   92   92   92   92   92   92   92   92   92   92   92   92   92   92   92
   92   92   92   92   92   92   92   92   92   92   92   92   92   92   92   92
   92   92   92   92   92   92   92   92   92
    77.5-180.0 180.0   5.0 350.0                            LAT/LON1/LON2/DLON/H
   92   92   92   92   92   92   92   92   92   92   92   92   92   92   92   92
   95  100  105  110  114  117  119  119  117  114  110  105   98   92   92   92
   92   92   92   92   92   92   92   92   92   92   92   92   92   92   92   92
   92   92   92   92   92   92   92   92   92   92   92   92   92   92   92   92
   92   92   92   92   92   92   92   92   92
    75.0-180.0 180.0   5.0 350.0                            LAT/LON1/LON2/DLON/H
   92   92   92   92   92   92   92   92   92   92   92   92   92   92   92   92
   95  100  105  110  114  117  119  119  117  114  110  105   98   92   92   92
   92   92   92   92   92   92   92   92   92   92   92   92   92   92   92   92
   92   92   92   92   92   92   92   92   92   92   92   92   92   92   92   92
   92   92   92   92   92   92   92   92   92
    72.5-180.0 180.0   5.0 350.0                            LAT/LON1/LON2/DLON/H
   92   92   92   92   92   92   92   92   92   92   92   92   92   92   92   92
   92   92   92   92   92   92   92   92   92   92   92   92   92   92   92   92
   92   92   92   92   92   92   92   92   92   92   92   92   92   92   92   92
   92   92   92   92   92   92   92   92   92   92   92   92   92   92   92   92
   92   92   92   92   92   92   92   92   92
    70.0-180.0 180.0   5.0 350.0                            LAT/LON1/LON2/DLON/H
   92   92   92   92   92   92   92   92   92   92   92   92   92   92   92   92
   92   92   92   92   92   92   92   92   92   92   92   92   92   92   92   92
   92   92   92   92   92   92   92   92   92   92   92   92   92   92   92   92
   92   92   92   92   92   92   92   92   92   92   92   92   92   92   92   92
   92   92   92   92   92   92   92   92   92
    67.5-180.0 180.0   5.0 350.0                            LAT/LON1/LON2/DLON/H
   92   92   92   92   92   92   92   92   92   92   92   92   92   92   92   92
   92   92   92   92   92   92   92   92   92   92   92   92   92   92   92   92
   92   92   92   92   92   92   92   92   92   92   92   92   92   92   92   92
   92   92   92   92   92   92   92   92   92   92   92   92   92   92   92   92
   92   92   92   92   92   92   92   92   92
    65.0-180.0 180.0   5.0 350.0                            LAT/LON1/LON2/DLON/H
   92   92   92   92   92   92   92   92   92   92   92   92   92   92   92   92
   92   92   92   92   92   92   92   92   92   92   92   92   92   92   92   92
   92   92   92   92   92   92   92   92   92   92   92   92   92   92   92   92
   92   92   92   92   92   92   92   92   92   92   92   92   92   92   92   92
   92   92   92   92   92   92   92   92   92
    62.5-180.0 180.0   5.0 350.0                            LAT/LON1/LON2/DLON/H
   92   92   92   92   92   92   92   92   92   92   92   92   92   92   92   92
   92   92   92   92   92   92   92   92   92   92   92   92   92   92   92   92
   92   92   92   92   92   92   92   92   92   92   92   92   92   92   92   92
   92   92   92   92   92   92   92   92   92   92   92   92   92   92   92   92
   92   92   92   92   92   92   92   92   92
    60.0-180.0 180.0   5.0 350.0                            LAT/LON1/LON2/DLON/H
   92   92   92   92   92   92   92   92   92   92   92   92   92   92   92   92
   92   92   92   92   92   92   92   92   92   92   92   92   92   92   92   92
   92   92   92   92   92   92   92   92   92   92   92   92   92   92   92   92
   92   92   92   92   92   92   92   92   92   92   92   92   92   92   92   92
   92   92   92   92   92   92   92   92   92
    57.5-180.0 180.0   5.0 350.0                            LAT/LON1/LON2/DLON/H
   92   92   92   92   92   92   92   92   92   92   92   92   92   92   92   92
   92   92   92   92   92   92   92   92   92   92   92   92   92   92   92   92
   92   92   92   92   92   92   92   92   92   92   92   92   92   92   92   92
   92   92   92   92   92   92   92   92   92   92   92   92   92   92   92   92
   92   92   92   92   92   92   92   92   92
    55.0-180.0 180.0   5.0 350.0                            LAT/LON1/LON2/DLON/H
   92   92   92   92   92   92   92   92   92   92   92   92   92   92   92   92
   92   92   92   92   92   92   92   92   92   92   92   92   92   92   92   92
   92   92   92   92   92   92   92   92   92   92   92   92   92   92   92   92
   92   92   92   92   92   92   92   92   92   92   92   92   92   92   92   92
   92   92   92   92   92   92   92   92   92
    52.5-180.0 180.0   5.0 350.0                            LAT/LON1/LON2/DLON/H
   92   92   92   92   92   92   92   92   92   92   92   92   92   92   92   92
   92   92   92   92   92   92   92   92   92   92   92   92   92   92   92   92
   92   92   92   92   92   92   94   95   95   95   94   93   92   92   92   92
   92   92   92   92   92   92   92   92   92   92   92   92   92   92   92   92
   92   92   92   92   92   92   92   92   92
    50.0-180.0 180.0   5.0 350.0                            LAT/LON1/LON2/DLON/H
   92   92   92   92   92   92   92   93   93   93   92   92   92   92   92   92
   92   92   92   92   92   92   92   92   92   92   92   92   92   92   92   92
   92   92   92   95   98  101  103  104  105  105  105  103  101   98   94   92
   92   92   92   92   92   92   92   92   92   92   92   92   92   92   92   92
   92   92   92   92   92   92   92   92   92
    47.5-180.0 180.0   5.0 350.0                            LAT/LON1/LON2/DLON/H
   92   92   92   93   96   98   99  100  100  100   99   97   95   93   92   92
   92   92   92   92   92   92   92   92   92   92   92   92   92   92   92   92
   96  101  105  109  112  115  118  119  120  120  120  118  116  113  108  103
   97   92   92   92   92   92   92   92   92   92   92   92   92   92   92   92
   92   92   92   92   92   92   92   92   92
    45.0-180.0 180.0   5.0 350.0                            LAT/LON1/LON2/DLON/H
   93   99  103  107  109  111  113  113  114  113  112  110  108  106  103  101
   97   94   92   92   92   92   92   92   92   92   92   93   97  102  106  111
  116  120  124  128  132  135  137  139  140  140  139  137  135  131  126  120
  113  105   96   92   92   92   92   92   92   92   92   92   92   92   92   92
   92   92   92   92   92   92   92   92   93
    42.5-180.0 180.0   5.0 350.0                            LAT/LON1/LON2/DLON/H
  109  115  120  123  127  129  130  131  131  131  130  128  127  125  122  120
  117  115  113  111  109  108  108  109  110  112  114  118  121  126  130  135
  139  143  148  151  155  158  160  161  162  162  161  159  156  151  146  139
  131  122  112  101   92   92   92   92   92   92   92   92   92   92   92   92
   92   92   92   92   92   92   94  102  109
    40.0-180.0 180.0   5.0 350.0                            LAT/LON1/LON2/DLON/H
  127  133  139  143  147  149  151  152  153  152  152  150  149  147  145  143
  141  139  137  136  135  135  135  136  137  139  142  145  149  153  157  161
  166  170  174  177  181  183  186  187  187  187  185  183  179  174  168  160
  152  142  131  118  105   92   92   92   92   92   92   92   92   92   92   92
   92   92   92   92   92  101  111  119  127
    37.5-180.0 180.0   5.0 350.0                            LAT/LON1/LON2/DLON/H
  147  154  160  165  169  172  175  176  177  177  176  176  174  173  171  169
  168  166  165  164  163  163  164  165  166  169  171  174  178  182  186  190
  194  199  202  206  209  211  213  214  214  213  211  208  203  198  191  182
  173  162  150  136  122  107   92   92   92   92   92   92   92   92   92   92
   92   92   92   94  107  118  129  138  147
    35.0-180.0 180.0   5.0 350.0                            LAT/LON1/LON2/DLON/H
  168  176  183  189  193  197  200  202  203  203  203  203  202  201  200  198
  197  196  195  194  194  194  195  196  198  200  203  206  209  213  217  221
  225  229  233  236  239  241  242  243  242  241  238  234  229  222  214  205
  194  182  169  155  139  123  106   92   92   92   92   92   92   92   92   92
   92   92   95  110  123  136  148  158  168
    32.5-180.0 180.0   5.0 350.0                            LAT/LON1/LON2/DLON/H
  189  198  206  213  218  223  226  229  231  232  232  232  231  231  230  229
  228  227  226  226  226  226  227  229  230  233  235  239  242  246  250  253
  257  261  264  267  270  271  272  272  271  269  265  261  254  247  238  228
  216  203  188  173  156  139  120  101   92   92   92   92   92   92   92   92
   92   93  110  126  141  154  167  179  189
    30.0-180.0 180.0   5.0 350.0                            LAT/LON1/LON2/DLON/H
  211  221  230  237  244  249  253  257  259  261  262  262  262  262  261  260
  260  259  259  259  259  260  261  262  264  267  269  272  276  279  283  287
  290  294  297  299  301  302  302  302  300  297  293  287  280  271  261  250
  237  223  207  191  173  154  135  115   94   92   92   92   92   92   92   92
   92  107  125  142  158  173  187  199  211
    27.5-180.0 180.0   5.0 350.0                            LAT/LON1/LON2/DLON/H
  232  243  253  262  269  276  281  285  288  290  292  293  293  294  293  293
  293  293  293  293  293  294  295  297  299  301  304  307  310  314  317  321
  324  327  329  331  333  333  333  331  329  325  319  313  305  295  284  271
  257  242  225  207  188  168  148  127  105   92   92   92   92   92   92   92
  100  119  139  157  174  190  205  219  232
    25.0-180.0 180.0   5.0 350.0                            LAT/LON1/LON2/DLON/H
  252  265  276  286  294  302  308  313  317  320  322  324  325  326  326  326
  326  327  327  327  328  329  330  332  334  336  339  342  345  348  351  354
  357  360  362  363  364  364  362  360  357  352  345  337  328  317  305  291
  276  259  241  222  202  182  160  138  115   92   92   92   92   92   92   92
  110  131  151  171  189  207  223  238  252
    22.5-180.0 180.0   5.0 350.0                            LAT/LON1/LON2/DLON/H
  271  285  298  309  319  327  334  340  345  349  352  355  356  358  359  359
  360  361  361  362  363  364  365  367  369  372  374  377  380  383  386  388
  391  393  394  395  395  394  391  388  383  377  370  361  350  338  325  309
  293  275  256  236  215  193  170  147  124  100   92   92   92   92   92   98
  120  142  163  184  203  222  240  256  271
    20.0-180.0 180.0   5.0 350.0                            LAT/LON1/LON2/DLON/H
  289  304  318  330  341  351  359  367  373  377  382  385  387  389  391  392
  393  394  395  396  397  399  400  402  404  406  409  411  414  417  419  421
  423  424  425  425  424  422  419  415  409  402  393  383  371  357  342  326
  308  289  269  247  225  202  179  155  131  106   92   92   92   92   92  104
  128  150  173  195  216  236  255  273  289
    17.5-180.0 180.0   5.0 350.0                            LAT/LON1/LON2/DLON/H
  305  321  336  350  363  374  383  391  399  405  410  414  417  420  422  424
  426  427  429  430  431  433  435  437  439  441  443  445  448  450  452  453
  455  455  455  454  452  449  445  439  432  424  414  402  389  374  358  340
  321  300  279  256  233  209  185  160  136  111   92   92   92   92   92  109
  133  157  181  204  226  247  267  287  305
    15.0-180.0 180.0   5.0 350.0                            LAT/LON1/LON2/DLON/H
  318  336  353  368  382  394  405  415  423  430  436  441  446  449  452  455
  457  459  461  463  464  466  468  470  472  474  476  478  480  482  483  484
  485  485  484  482  479  475  469  462  454  444  432  419  404  388  370  351
  331  309  286  263  239  214  189  164  138  113   92   92   92   92   92  112
  137  162  186  210  234  256  278  298  318
    12.5-180.0 180.0   5.0 350.0                            LAT/LON1/LON2/DLON/H
  328  348  366  383  398  412  425  436  445  454  461  467  473  477  481  484
  487  490  492  494  496  498  500  502  504  506  508  509  511  512  513  513
  513  512  510  507  503  497  491  482  472  461  448  433  417  399  380  359
  338  315  291  266  241  216  190  164  139  113   92   92   92   92   92  113
  139  164  190  214  239  263  286  308  328
    10.0-180.0 180.0   5.0 350.0                            LAT/LON1/LON2/DLON/H
  336  357  377  395  412  428  442  454  465  475  483  491  497  503  508  512
  515  518  521  524  526  528  530  532  534  536  538  539  540  541  541  540
  539  537  534  530  525  518  510  500  488  475  461  444  426  407  386  364
  341  317  292  267  241  215  189  163  137  111   92   92   92   92   92  112
  138  164  190  216  241  266  291  314  336
     7.5-180.0 180.0   5.0 350.0                            LAT/LON1/LON2/DLON/H
  341  363  385  404  423  440  456  470  482  493  503  512  520  526  532  537
  541  545  548  551  554  556  559  561  562  564  565  566  567  567  566  565
  563  560  556  550  543  535  525  514  501  486  470  452  433  412  389  366
  342  316  291  264  238  211  185  158  132  107   92   92   92   92   92  109
  135  161  188  215  241  267  292  317  341
     5.0-180.0 180.0   5.0 350.0                            LAT/LON1/LON2/DLON/H
  342  366  389  410  430  449  466  482  496  509  520  530  539  547  554  560
  565  569  573  577  580  582  585  587  588  590  591  591  591  591  589  587
  584  579  574  567  559  549  538  525  510  494  476  456  435  412  389  364
  338  312  286  259  232  205  178  152  126  100   92   92   92   92   92  103
  129  156  183  210  238  264  291  317  342
     2.5-180.0 180.0   5.0 350.0                            LAT/LON1/LON2/DLON/H
  340  365  389  413  434  455  474  491  507  521  534  545  555  564  572  579
  585  590  595  599  602  605  608  610  611  613  613  613  613  611  609  606
  601  596  589  581  571  560  546  532  515  497  477  456  433  409  384  358
  332  304  277  250  222  195  169  143  117   92   92   92   92   92   92   96
  122  148  176  203  231  259  286  313  340
