Space weather/ckmg0750.15i
     1.0            IONOSPHERE MAPS     GNSS                IONEX VERSION / TYPE
BIMINX V5.3         AIUB                21-MAR-15 07:55     PGM / RUN BY / DATE 
CODE'S KLOBUCHAR-STYLE IONOSPHERE MODEL FOR DAY 075, 2015   COMMENT             
  2015     3    16     0     0     0                        EPOCH OF FIRST MAP  
  2015     3    17     0     0     0                        EPOCH OF LAST MAP   
  3600                                                      INTERVAL            
    25                                                      # OF MAPS IN FILE   
  NONE                                                      MAPPING FUNCTION    
     0.0                                                    ELEVATION CUTOFF    
                                                            OBSERVABLES USED    
  6371.0                                                    BASE RADIUS         
     2                                                      MAP DIMENSION       
   350.0 350.0   0.0                                        HGT1 / HGT2 / DHGT  
    87.5 -87.5  -2.5                                        LAT1 / LAT2 / DLAT  
  -180.0 180.0   5.0                                        LON1 / LON2 / DLON  
    -1                                                      EXPONENT            
TEC/RMS values in 0.1 TECU; 9999, if no value available     COMMENT             
                                                            END OF HEADER       
[from data line 2574]
     7                                                      START OF TEC MAP    
  2015     3    16     6     0     0                        EPOCH OF CURRENT MAP
    87.5-180.0 180.0   5.0 350.0                            LAT/LON1/LON2/DLON/H
   92   92   92   92   92   92   92   92   92   92   92   92   92   92   92   92
   92   92   92   92   92   92   92   92   92   92   92   92   92   92   92   92
   92   92   92   92   92   92   92   92   92   92   92   92   92   92   92   92
   92   92   92   92   92   92   92   92   92   92   92   92   92   92   92   92
   92   92   92   92   92   92   92   92   92
    85.0-180.0 180.0   5.0 350.0                            LAT/LON1/LON2/DLON/H
   92   92   92   92   92   92   92   92   92   92   92   92   92   92   92   92
   92   92   92   92   92   92   92   92   92   92   92   92   92   92   92   92
   92   92   92   92   92   92   92   92   92   92   92   92   92   92   92   92
   92   92   92   92   92   92   92   92   92   92   92   92   92   92   92   92
   92   92   92   92   92   92   92   92   92
    82.5-180.0 180.0   5.0 350.0                            LAT/LON1/LON2/DLON/H
   92   92   92   92   92   92   92   92   92   92   92   92   92   92   92   92
   92   92   92   92   92   92   92   92   92   92   92   92   92   92   92   92
   92   92   92   92   92   92   92   92   92   92   92   92   92   92   92   92
   92   92   92   92   92   92   92   92   92   92   92   92   92   92   92   92
   92   92   92   92   92   92   92   92   92
    80.0-180.0 180.0   5.0 350.0                            LAT/LON1/LON2/DLON/H
   92   92   92   92   92   92   92   92   92   92   92   92   92   92   92   92
   92   92   92   92   92   92   92   92   92   92   92   92   92   92   92   92
   92   92   92   92   92   92   92   92   92   92   92   92   92   92   92   92
   92   92   92   92   92   92   92   92   92   92   92   92   92   92   92   92
   92   92   92   92   92   92   92   92   92
    77.5-180.0 180.0   5.0 350.0                            LAT/LON1/LON2/DLON/H
   92   92   92   92   92   92   92   92   92   92   92   92   92   92   92   92
   92   92   92   92   92   92   92   92   92   92   92   92   92   92   92   92
   92   92   92   92   92   92   92   92   92   92   92   92   92   92   92   92
   92   92   92   92   92   92   92   92   92   92   92   92   92   92   92   92
   92   92   92   92   92   92   92   92   92
    75.0-180.0 180.0   5.0 350.0                            LAT/LON1/LON2/DLON/H
   92   92   92   92   92   92   92   92   92   92   92   92   92   92   92   92
   92   92   92   92   92   92   92   92   92   92   92   92   92   92   92   92
   92   92   92   92   92   92   92   92   92   92   92   92   92   92   92   92
   92   92   92   92   92   92   92   92   92   92   92   92   92   92   92   92
   92   92   92   92   92   92   92   92   92
    72.5-180.0 180.0   5.0 350.0                            LAT/LON1/LON2/DLON/H
   92   92   92   92   92   92   92   92   92   92   92   92   92   92   92   92
   92   92   92   92   92   92   92   92   92   92   92   92   92   92   92   92
   92   92   92   92   92   92   92   92   92   92   92   92   92   92   92   92
   92   92   92   92   92   92   92   92   92   92   92   92   92   92   92   92
   92   92   92   92   92   92   92   92   92
    70.0-180.0 180.0   5.0 350.0                            LAT/LON1/LON2/DLON/H
   92   92   92   92   92   92   92   92   92   92   92   92   92   92   92   92
   92   92   92   92   92   92   92   92   92   92   92   92   92   92   92   92
   92   92   92   92   92   92   92   92   92   92   92   92   92   92   92   92
   92   92   92   92   92   92   92   92   92   92   92   92   92   92   92   92
   92   92   92   92   92   92   92   92   92
    67.5-180.0 180.0   5.0 350.0                            LAT/LON1/LON2/DLON/H
   92   92   92   92   92   92   92   92   92   92   92   92   92   92   92   92
   92   92   92   92   92   92   92   92   92   92   92   92   92   92   92   92
   92   92   92   92   92   92   92   92   92   92   92   92   92   92   92   92
   92   92   92   92   92   92   92   92   92   92   92   92   92   92   92   92
   92   92   92   92   92   92   92   92   92
    65.0-180.0 180.0   5.0 350.0                            LAT/LON1/LON2/DLON/H
   92   92   92   92   92   92   92   92   92   92   92   92   92   92   92   92
   92   92   92   92   92   92   92   92   92   92   92   92   92   92   92   92
   92   92   92   92   92   92   92   92   92   92   92   92   92   92   92   92
   92   92   92   92   92   92   92   92   94   98  100   99   96   92   92   92
   92   92   92   92   92   92   92   92   92
    62.5-180.0 180.0   5.0 350.0                            LAT/LON1/LON2/DLON/H
   92   92   92   92   92   92   92   92   92   92   92   92   92   92   92   92
   92   92   92   92   92   92   92   92   92   92   92   92   92   92   92   92
   92   92   92   92   92   92   92   92   92   92   92   92   92   92   92   92
   92   92   92  101  113  125  137  147  156  162  165  165  163  157  149  138
  126  112   97   92   92   92   92   92   92
    60.0-180.0 180.0   5.0 350.0                            LAT/LON1/LON2/DLON/H
   92   92   92   92   92   92   92   92   92   92   92   92   92   92   92   92
   92   92   92   92   92   92   92   92   92   92   92   92   92   92   92   92
   92   92   92   92   92   92   92   92   92   92   92   92   92   92   92   93
  101  114  129  146  163  179  193  205  215  222  226  227  225  220  211  200
  187  171  153  135  117  101   92   92   92
    57.5-180.0 180.0   5.0 350.0                            LAT/LON1/LON2/DLON/H
   96   92   92   92   92   92   92   92   92   92   92   92   92   92   92   92
   92   92   92   92   92   92   92   92   92   92   92   92   92   92   92   92
   92   92   92   92   92   92   92   92   92   92   92   92   92   93  101  115
  133  153  174  195  214  232  247  261  271  278  283  284  282  277  269  258
  244  228  209  188  167  145  125  108   96
    55.0-180.0 180.0   5.0 350.0                            LAT/LON1/LON2/DLON/H
  124  107   95   92   92   92   92   92   92   92   92   92   92   92   92   92
   92   92   92   92   92   92   92   92   92   92   92   92   92   92   92   92
   92   92   92   92   92   92   92   92   92   92   92   92   94  109  128  150
  173  197  221  244  264  283  299  312  322  330  335  336  334  330  322  311
  298  281  262  241  218  194  170  146  124
    52.5-180.0 180.0   5.0 350.0                            LAT/LON1/LON2/DLON/H
  163  138  117  100   92   92   92   92   92   92   92   92   92   92   92   92
   92   92   92   92   92   92   92   92   92   92   92   92   92   92   92   92
   92   92   92   92   92   92   92   92   92   92   92   97  115  138  163  190
  217  243  268  291  312  330  346  359  370  377  382  384  382  378  371  360
  347  331  312  291  268  243  217  190  163
    50.0-180.0 180.0   5.0 350.0                            LAT/LON1/LON2/DLON/H
  206  178  150  126  105   92   92   92   92   92   92   92   92   92   92   92
   92   92   92   92   92   92   92   92   92   92   92   92   92   92   92   92
   92   92   92   92   92   92   92   92   92   92   98  121  146  174  203  232
  260  287  312  335  356  374  390  403  413  421  425  427  426  422  415  405
  392  377  359  338  315  290  263  235  206
    47.5-180.0 180.0   5.0 350.0                            LAT/LON1/LON2/DLON/H
  250  219  189  160  133  109   92   92   92   92   92   92   92   92   92   92
   92   92   92   92   92   92   92   92   92   92   92   92   92   92   92   92
   92   92   92   92   92   92   92   92   92  100  125  153  182  213  243  273
  302  329  354  376  397  414  430  442  452  459  464  466  465  461  455  446
  434  419  402  382  359  335  308  279  250
    45.0-180.0 180.0   5.0 350.0                            LAT/LON1/LON2/DLON/H
  292  261  230  198  167  138  112   92   92   92   92   92   92   92   92   92
   92   92   92   92   92   92   92   92   92   92   92   92   92   92   92   92
   92   92   92   92   92   92   92   92  100  127  157  188  220  252  283  313
  341  368  392  414  434  451  466  478  487  494  499  501  500  496  490  482
  471  457  440  421  400  376  350  322  292
    42.5-180.0 180.0   5.0 350.0                            LAT/LON1/LON2/DLON/H
  332  301  270  237  205  173  142  115   92   92   92   92   92   92   92   92
   92   92   92   92   92   92   92   92   92   92   92   92   92   92   92   92
   92   92   92   92   92   92   92  100  128  159  192  225  257  290  321  350
  378  403  427  448  467  484  498  509  518  525  530  531  531  528  522  514
  504  491  475  457  437  414  388  361  332
    40.0-180.0 180.0   5.0 350.0                            LAT/LON1/LON2/DLON/H
  369  339  308  275  242  209  176  145  116   92   92   92   92   92   92   92
   92   92   92   92   92   92   92   92   92   92   92   92   92   92   92   92
   92   92   92   92   92   92   98  128  160  193  227  260  293  325  355  384
  411  436  458  479  497  512  526  537  546  552  557  558  558  555  550  543
  533  521  506  489  470  448  424  398  369
    37.5-180.0 180.0   5.0 350.0                            LAT/LON1/LON2/DLON/H
  403  374  344  312  279  245  212  178  147  117   92   92   92   92   92   92
   92   92   92   92   92   92   92   92   92   92   92   92   92   92   92   92
   92   92   92   92   92   96  127  159  192  227  261  294  327  358  387  415
  441  465  486  506  523  538  551  561  570  576  580  582  582  579  574  568
  558  547  533  517  499  478  455  430  403
    35.0-180.0 180.0   5.0 350.0                            LAT/LON1/LON2/DLON/H
  434  406  377  346  313  280  246  212  179  147  117   92   92   92   92   92
   92   92   92   92   92   92   92   92   92   92   92   92   92   92   92   92
   92   92   92   92   93  124  157  190  225  259  293  326  357  387  416  443
  467  490  510  529  545  559  572  582  590  596  600  602  601  599  595  589
  580  570  557  542  525  505  484  460  434
    32.5-180.0 180.0   5.0 350.0                            LAT/LON1/LON2/DLON/H
  461  435  406  376  345  312  279  245  212  178  146  116   92   92   92   92
   92   92   92   92   92   92   92   92   92   92   92   92   92   92   92   92
   92   92   92   92  120  153  187  221  255  289  322  354  385  414  441  467
  490  512  531  549  564  578  589  599  606  612  616  618  618  616  612  606
  599  589  577  563  547  529  508  486  461
    30.0-180.0 180.0   5.0 350.0                            LAT/LON1/LON2/DLON/H
  485  460  433  404  374  342  310  277  243  209  176  144  114   92   92   92
   92   92   92   92   92   92   92   92   92   92   92   92   92   92   92   92
   92   92   92  116  148  181  216  250  284  317  349  380  410  437  463  488
  510  530  549  565  580  593  604  613  620  626  629  631  631  630  626  621
  614  605  594  581  566  549  529  508  485
    27.5-180.0 180.0   5.0 350.0                            LAT/LON1/LON2/DLON/H
  506  482  456  429  400  369  338  305  272  239  206  173  141  111   92   92
   92   92   92   92   92   92   92   92   92   92   92   92   92   92   92   92
   92   92  110  142  175  209  243  276  310  342  373  403  431  458  482  505
  526  546  563  579  593  605  615  624  630  636  639  641  642  640  637  632
  626  617  607  595  581  565  547  527  506
    25.0-180.0 180.0   5.0 350.0                            LAT/LON1/LON2/DLON/H
  523  500  476  450  423  393  363  332  299  267  234  201  169  137  107   92
   92   92   92   92   92   92   92   92   92   92   92   92   92   92   92   92
   92  103  135  167  201  234  268  301  333  364  394  422  449  475  498  520
  540  558  574  589  602  614  623  631  638  643  646  648  649  648  645  641
  635  627  618  606  593  579  562  543  523
    22.5-180.0 180.0   5.0 350.0                            LAT/LON1/LON2/DLON/H
  537  516  493  468  442  414  385  355  324  292  259  227  195  163  132  103
   92   92   92   92   92   92   92   92   92   92   92   92   92   92   92   92
   96  127  159  192  225  258  290  322  353  383  412  439  465  488  511  531
  550  567  583  597  609  620  629  636  643  647  651  653  653  652  650  646
  641  634  625  615  603  589  574  556  537
    20.0-180.0 180.0   5.0 350.0                            LAT/LON1/LON2/DLON/H
  548  528  507  483  459  432  404  375  345  314  283  251  219  188  157  127
   98   92   92   92   92   92   92   92   92   92   92   92   92   92   92   92
  118  149  181  214  246  278  310  341  371  399  427  452  477  499  521  540
  558  574  588  601  613  623  631  639  645  649  652  654  655  654  652  649
  644  638  630  620  609  597  582  566  548
    17.5-180.0 180.0   5.0 350.0                            LAT/LON1/LON2/DLON/H
  556  538  517  496  472  447  421  393  364  334  303  272  241  210  179  149
  120   92   92   92   92   92   92   92   92   92   92   92   92   92   92  108
  139  170  201  233  265  296  327  357  385  413  439  463  486  508  527  546
  562  578  591  603  614  624  632  638  644  648  652  653  654  654  652  649
  645  639  632  623  613  601  588  573  556
    15.0-180.0 180.0   5.0 350.0                            LAT/LON1/LON2/DLON/H
  561  544  525  505  483  459  434  407  380  351  321  291  261  230  200  170
  140  112   92   92   92   92   92   92   92   92   92   92   92   92   97  127
  157  188  220  251  281  312  341  370  397  423  448  471  493  513  532  549
  565  579  592  603  613  622  629  636  641  645  648  650  651  651  649  647
  643  638  631  623  614  603  591  577  561
    12.5-180.0 180.0   5.0 350.0                            LAT/LON1/LON2/DLON/H
  564  548  531  511  490  468  444  419  393  365  337  307  278  248  218  188
  159  130  102   92   92   92   92   92   92   92   92   92   92   92  115  144
  174  205  235  265  295  324  353  380  406  431  454  476  497  516  533  550
  564  578  590  600  610  618  625  631  636  640  643  645  646  646  644  642
  639  634  628  621  613  603  592  579  564
    10.0-180.0 180.0   5.0 350.0                            LAT/LON1/LON2/DLON/H
  565  550  533  515  495  474  452  428  403  376  349  321  292  263  234  205
  176  147  119   92   92   92   92   92   92   92   92   92   92  101  130  159
  189  219  248  278  307  335  362  388  413  436  458  479  498  516  533  548
  562  574  585  595  604  612  618  624  629  633  635  637  638  638  638  636
  633  629  623  617  609  600  590  578  565
     7.5-180.0 180.0   5.0 350.0                            LAT/LON1/LON2/DLON/H
  562  549  533  516  498  478  457  434  410  385  359  332  304  276  247  219
  190  162  134  107   92   92   92   92   92   92   92   92   92  115  143  172
  201  230  259  288  315  342  368  393  416  439  460  479  498  514  530  544
  557  568  579  588  596  604  610  615  620  623  626  628  629  629  629  627
  624  621  616  610  604  595  586  575  562
     5.0-180.0 180.0   5.0 350.0                            LAT/LON1/LON2/DLON/H
  558  545  531  515  498  480  459  438  415  391  366  340  313  286  258  230
  202  174  147  120   93   92   92   92   92   92   92   92   99  127  155  183
  211  240  268  295  322  347  372  396  418  439  459  478  495  510  525  538
  550  561  571  579  587  594  600  605  609  612  615  617  618  618  618  617
  614  611  607  602  596  588  580  570  558
     2.5-180.0 180.0   5.0 350.0                            LAT/LON1/LON2/DLON/H
  552  540  527  512  496  479  460  439  418  395  371  346  320  294  267  240
  212  185  158  131  104   92   92   92   92   92   92   92  109  136  164  192
  219  247  274  300  325  350  374  396  417  437  456  474  490  504  518  530
  542  552  561  569  576  582  588  592  596  600  602  604  605  606  605  604
  603  600  596  592  586  579  572  562  552
