Space weather/ckmg0770.15i
     1.0            IONOSPHERE MAPS     GNSS                IONEX VERSION / TYPE
BIMINX V5.3         AIUB                23-MAR-15 07:51     PGM / RUN BY / DATE 
CODE'S KLOBUCHAR-STYLE IONOSPHERE MODEL FOR DAY 077, 2015   COMMENT             
  2015     3    18     0     0     0                        EPOCH OF FIRST MAP  
  2015     3    19     0     0     0                        EPOCH OF LAST MAP   
  3600                                                      INTERVAL            
    25                                                      # OF MAPS IN FILE   
  NONE                                                      MAPPING FUNCTION    
     0.0                                                    ELEVATION CUTOFF    
                                                            OBSERVABLES USED    
  6371.0                                                    BASE RADIUS         
     2                                                      MAP DIMENSION       
   350.0 350.0   0.0                                        HGT1 / HGT2 / DHGT  
    87.5 -87.5  -2.5                                        LAT1 / LAT2 / DLAT  
  -180.0 180.0   5.0                                        LON1 / LON2 / DLON  
    -1                                                      EXPONENT            
TEC/RMS values in 0.1 TECU; 9999, if no value available     COMMENT             
                                                            END OF HEADER       
[from data line 9438]
    23                                                      START OF TEC MAP    
  2015     3    18    22     0     0                        EPOCH OF CURRENT MAP
    87.5-180.0 180.0   5.0 350.0                            LAT/LON1/LON2/DLON/H
   92   92   92   92   92   92   92   92   92   92   92   92   92   92   92   92
   96  101  105  108  108  108  106  103  100   97   94   93   92   92   92   92
   92   92   92   92   92   92   92   92   92   92   92   92   92   92   92   92
   92   92   92   92   92   92   92   92   92   92   92   92   92   92   92   92
   92   92   92   92   92   92   92   92   92
    85.0-180.0 180.0   5.0 350.0                            LAT/LON1/LON2/DLON/H
   92   92   92   92   92   92   92   92   92   92   92   92   92   92   92   92
   96  101  105  108  108  108  106  103  100   97   94   93   92   92   92   92
   92   92   92   92   92   92   92   92   92   92   92   92   92   92   92   92
   92   92   92   92   92   92   92   92   92   92   92   92   92   92   92   92
   92   92   92   92   92   92   92   92   92
    82.5-180.0 180.0   5.0 350.0                            LAT/LON1/LON2/DLON/H
   92   92   92   92   92   92   92   92   92   92   92   92   92   92   92   92
   96  101  105  108  108  108  106  103  100   97   94   93   92   92   92   92
   92   92   92   92   92   92   92   92   92   92   92   92   92   92   92   92
   92   92   92   92   92   92   92   92   92   92   92   92   92   92   92   92
   92   92   92   92   92   92   92   92   92
    80.0-180.0 180.0   5.0 350.0                            LAT/LON1/LON2/DLON/H
   92   92   92   92   92   92   92   92   92   92   92   92   92   92   92   92
   96  101  105  108  108  108  106  103  100   97   94   93   92   92   92   92
   92   92   92   92   92   92   92   92   92   92   92   92   92   92   92   92
   92   92   92   92   92   92   92   92   92   92   92   92   92   92   92   92
   92   92   92   92   92   92   92   92   92
    77.5-180.0 180.0   5.0 350.0                            LAT/LON1/LON2/DLON/H
   92   92   92   92   92   92   92   92   92   92   92   92   92   92   92   92
   96  101  105  108  108  108  106  103  100   97   94   93   92   92   92   92
   92   92   92   92   92   92   92   92   92   92   92   92   92   92   92   92
   92   92   92   92   92   92   92   92   92   92   92   92   92   92   92   92
   92   92   92   92   92   92   92   92   92
    75.0-180.0 180.0   5.0 350.0                            LAT/LON1/LON2/DLON/H
   92   92   92   92   92   92   92   92   92   92   92   92   92   92   92   92
   96  101  105  108  108  108  106  103  100   97   94   93   92   92   92   92
   92   92   92   92   92   92   92   92   92   92   92   92   92   92   92   92
   92   92   92   92   92   92   92   92   92   92   92   92   92   92   92   92
   92   92   92   92   92   92   92   92   92
    72.5-180.0 180.0   5.0 350.0                            LAT/LON1/LON2/DLON/H
   92   92   92   92   92   92   92   92   92   92   92   92   92   92   92   92
   92   92   92   92   92   92   92   92   92   92   92   92   92   92   92   92
   92   92   92   92   92   92   92   92   92   92   92   92   92   92   92   92
   92   92   92   92   92   92   92   92   92   92   92   92   92   92   92   92
   92   92   92   92   92   92   92   92   92
    70.0-180.0 180.0   5.0 350.0                            LAT/LON1/LON2/DLON/H
   92   92   92   92   92   92   92   92   92   92   92   92   92   92   92   92
   92   92   92   92   92   92   92   92   92   92   92   92   92   92   92   92
   92   92   92   92   92   92   92   92   92   92   92   92   92   92   92   92
   92   92   92   92   92   92   92   92   92   92   92   92   92   92   92   92
   92   92   92   92   92   92   92   92   92
    67.5-180.0 180.0   5.0 350.0                            LAT/LON1/LON2/DLON/H
   92   92   92   92   92   92   92   92   92   92   92   92   92   92   92   92
   92   92   92   92   92   92   92   92   92   92   92   92   92   92   92   92
   92   92   92   92   92   92   92   92   92   92   92   92   92   92   92   92
   92   92   92   92   92   92   92   92   92   92   92   92   92   92   92   92
   92   92   92   92   92   92   92   92   92
    65.0-180.0 180.0   5.0 350.0                            LAT/LON1/LON2/DLON/H
   92   92   92   92   92   92   92   92   92   92   92   92   92   92   92   92
   92   92   92   92   92   92   92   92   92   92   92   92   92   92   92   92
   92   92   92   92   92   92   92   92   92   92   92   92   92   92   92   92
   92   92   92   92   92   92   92   92   92   92   92   92   92   92   92   92
   92   92   92   92   92   92   92   92   92
    62.5-180.0 180.0   5.0 350.0                            LAT/LON1/LON2/DLON/H
   92   92   92   92   92   92   92   92   92   92   92   92   92   92   92   92
   92   92   92   92   92   92   92   92   92   92   92   92   92   92   92   92
   92   92   92   92   92   92   92   92   92   92   92   92   92   92   92   92
   92   92   92   92   92   92   92   92   92   92   92   92   92   92   92   92
   92   92   92   92   92   92   92   92   92
    60.0-180.0 180.0   5.0 350.0                            LAT/LON1/LON2/DLON/H
   92   92   92   92   92   92   92   92   92   92   92   92   92   92   92   92
   92   92   92   92   92   92   92   92   92   92   92   92   92   92   92   92
   92   92   92   92   92   92   92   92   92   92   92   92   92   92   92   92
   92   92   92   92   92   92   92   92   92   92   92   92   92   92   92   92
   92   92   93   95   96   96   96   94   92
    57.5-180.0 180.0   5.0 350.0                            LAT/LON1/LON2/DLON/H
  102   98   94   92   92   92   92   92   92   92   92   92   92   92   92   92
   92   92   92   92   92   92   92   92   92   92   92   92   92   92   92   92
   92   92   92   92   92   92   92   92   92   92   92   92   92   92   92   92
   92   92   92   92   92   92   92   92   92   92   92   92   92   92   92   92
   96  100  103  105  107  107  106  105  102
    55.0-180.0 180.0   5.0 350.0                            LAT/LON1/LON2/DLON/H
  118  114  110  104   98   92   92   92   92   92   92   92   92   92   92   92
   92   92   92   92   92   92   92   92   92   92   92   92   92   92   92   92
   92   92   92   92   92   92   92   92   92   92   92   92   92   92   92   92
   92   92   92   92   92   92   92   92   92   92   92   92   92   92   96  103
  109  114  118  121  122  123  122  121  118
    52.5-180.0 180.0   5.0 350.0                            LAT/LON1/LON2/DLON/H
  139  135  130  124  118  111  103   95   92   92   92   92   92   92   92   92
   92   92   92   92   92   92   92   92   92   92   92   92   92   92   92   92
   92   92   92   92   92   92   92   92   92   92   92   92   92   92   92   92
   92   92   92   92   92   92   92   92   92   92   92   92   92  102  110  119
  126  132  136  140  142  143  143  141  139
    50.0-180.0 180.0   5.0 350.0                            LAT/LON1/LON2/DLON/H
  163  159  154  148  142  135  127  118  110  101   93   92   92   92   92   92
   92   92   92   92   92   92   92   92   92   92   92   92   92   92   92   92
   92   92   92   92   92   92   92   92   92   92   92   92   92   92   92   92
   92   92   92   92   92   92   92   92   92   92   92   95  107  118  128  138
  146  152  158  162  165  166  166  165  163
    47.5-180.0 180.0   5.0 350.0                            LAT/LON1/LON2/DLON/H
  189  186  181  175  169  161  153  145  136  127  118  109  101   94   92   92
   92   92   92   92   92   92   92   92   92   92   92   92   92   92   92   92
   92   92   92   92   92   92   92   92   92   92   92   92   92   92   92   92
   92   92   92   92   92   92   92   92   92   92   98  112  125  137  149  159
  168  176  182  187  190  192  193  192  189
    45.0-180.0 180.0   5.0 350.0                            LAT/LON1/LON2/DLON/H
  218  215  210  204  198  190  182  173  164  155  145  136  127  119  111  105
   99   95   92   92   92   92   92   92   92   92   92   92   92   92   92   92
   92   92   92   92   92   92   92   92   92   92   92   92   92   92   92   92
   92   92   92   92   92   92   92   92   92   99  115  130  144  158  171  182
  192  201  208  213  217  220  221  220  218
    42.5-180.0 180.0   5.0 350.0                            LAT/LON1/LON2/DLON/H
  248  245  241  235  229  221  213  204  195  185  175  165  156  147  138  131
  124  118  113  109  105  103  101  100   99   99   98   97   96   94   92   92
   92   92   92   92   92   92   92   92   92   92   92   92   92   92   92   92
   92   92   92   92   92   92   92   92   98  116  133  150  165  180  194  206
  217  227  234  241  245  248  250  250  248
    40.0-180.0 180.0   5.0 350.0                            LAT/LON1/LON2/DLON/H
  279  277  273  267  261  253  245  236  227  217  207  197  187  177  168  159
  151  144  137  132  127  123  120  117  114  112  110  108  106  103  101   98
   95   92   92   92   92   92   92   92   92   92   92   92   92   92   92   92
   92   92   92   92   92   92   92   96  115  134  152  170  187  203  217  231
  243  253  262  269  274  278  280  280  279
    37.5-180.0 180.0   5.0 350.0                            LAT/LON1/LON2/DLON/H
  311  309  305  300  294  287  279  270  260  250  240  229  219  209  199  189
  181  172  165  158  152  147  142  138  134  131  127  124  121  118  115  111
  108  104   99   94   92   92   92   92   92   92   92   92   92   92   92   92
   92   92   92   92   92   92   92  111  132  152  172  191  208  225  241  255
  268  279  289  297  303  308  310  311  311
    35.0-180.0 180.0   5.0 350.0                            LAT/LON1/LON2/DLON/H
  342  341  338  333  328  321  313  304  294  284  274  263  252  242  232  222
  212  203  195  187  180  173  168  162  157  153  149  145  141  137  133  129
  124  120  115  110  104   97   92   92   92   92   92   92   92   92   92   92
   92   92   92   92   92   92  106  127  149  170  191  211  230  248  264  279
  293  305  316  325  332  337  341  342  342
    32.5-180.0 180.0   5.0 350.0                            LAT/LON1/LON2/DLON/H
  374  373  370  366  361  355  347  338  329  319  309  298  287  276  265  255
  245  235  226  218  210  202  196  189  184  178  173  168  164  159  154  149
  144  139  134  127  121  114  106   98   92   92   92   92   92   92   92   92
   92   92   92   92   92   98  120  143  166  188  210  230  250  269  287  303
  317  330  342  352  360  366  370  373  374
    30.0-180.0 180.0   5.0 350.0                            LAT/LON1/LON2/DLON/H
  404  404  402  399  394  388  381  373  364  354  344  333  322  311  300  289
  279  269  259  250  241  233  226  219  212  206  200  194  189  183  178  172
  167  161  154  148  140  132  124  115  105   94   92   92   92   92   92   92
   92   92   92   92   92  111  135  158  182  205  227  249  270  289  308  325
  340  354  367  377  386  393  399  402  404
    27.5-180.0 180.0   5.0 350.0                            LAT/LON1/LON2/DLON/H
  433  434  433  431  427  421  415  407  398  389  379  368  357  346  335  324
  313  303  293  283  274  265  257  249  242  235  228  222  216  209  203  197
  191  184  177  169  161  152  143  132  122  110   97   92   92   92   92   92
   92   92   92   92   99  123  148  172  197  220  243  266  287  308  327  345
  361  377  390  402  412  420  426  430  433
    25.0-180.0 180.0   5.0 350.0                            LAT/LON1/LON2/DLON/H
  461  463  463  461  458  454  448  440  432  423  413  403  392  381  370  359
  348  337  327  317  307  298  289  281  273  265  258  251  244  237  230  223
  216  208  200  191  182  173  162  151  139  126  112   97   92   92   92   92
   92   92   92   92  110  135  160  185  210  234  258  281  303  324  344  363
  381  397  411  424  435  444  452  457  461
    22.5-180.0 180.0   5.0 350.0                            LAT/LON1/LON2/DLON/H
  487  490  491  490  488  484  479  473  465  457  447  437  427  416  405  394
  383  372  361  351  341  331  322  313  304  296  288  280  272  265  257  249
  241  233  224  214  204  193  182  169  156  142  126  110   94   92   92   92
   92   92   92   94  119  145  170  196  221  246  270  294  317  338  359  379
  397  414  430  444  456  466  475  482  487
    20.0-180.0 180.0   5.0 350.0                            LAT/LON1/LON2/DLON/H
  510  514  517  517  516  513  509  504  497  489  480  471  461  450  439  428
  417  406  395  385  374  364  354  345  336  327  318  310  301  293  284  276
  267  257  247  237  225  213  201  187  172  157  140  123  105   92   92   92
   92   92   92  101  127  153  179  205  230  255  280  304  327  350  372  392
  411  429  446  461  474  486  496  504  510
    17.5-180.0 180.0   5.0 350.0                            LAT/LON1/LON2/DLON/H
  531  536  540  542  542  540  537  533  527  520  512  503  493  483  472  461
  450  439  429  418  407  397  387  377  367  358  348  339  330  321  311  302
  292  281  270  259  246  233  219  204  188  171  153  134  115   95   92   92
   92   92   92  107  133  159  185  211  237  262  287  312  335  359  381  402
  422  441  459  475  490  503  514  523  531
    15.0-180.0 180.0   5.0 350.0                            LAT/LON1/LON2/DLON/H
  549  556  561  564  565  565  563  560  555  549  541  533  524  514  504  494
  483  472  461  450  439  429  418  408  398  388  378  368  358  348  338  327
  316  304  292  279  266  251  236  219  202  184  164  144  124  102   92   92
   92   92   92  111  137  163  189  215  241  266  291  316  340  364  387  409
  430  450  469  486  502  516  529  540  549
    12.5-180.0 180.0   5.0 350.0                            LAT/LON1/LON2/DLON/H
  563  572  578  583  586  587  586  584  580  575  569  561  553  544  534  524
  514  503  492  481  470  459  448  438  427  417  406  396  385  374  363  351
  339  326  313  299  284  268  251  233  214  195  174  153  131  108   92   92
   92   92   92  113  139  164  190  216  242  267  292  317  342  366  390  412
  434  455  475  494  511  526  540  553  563
    10.0-180.0 180.0   5.0 350.0                            LAT/LON1/LON2/DLON/H
  574  584  592  599  603  606  606  606  603  599  594  587  580  571  562  553
  542  532  521  510  499  488  477  466  455  444  433  422  410  398  386  373
  360  346  332  316  300  283  264  245  225  204  182  159  135  112   92   92
   92   92   92  113  138  163  189  214  240  265  290  315  340  364  388  412
  435  456  477  497  516  533  548  562  574
     7.5-180.0 180.0   5.0 350.0                            LAT/LON1/LON2/DLON/H
  581  593  603  611  617  621  623  624  623  620  616  610  604  596  588  579
  569  559  548  538  527  515  504  493  481  470  458  446  434  421  408  394
  380  364  349  332  314  295  275  255  233  210  187  163  138  113   92   92
   92   92   92  110  135  160  185  210  235  260  285  310  334  359  383  407
  431  453  475  496  516  535  552  567  581
     5.0-180.0 180.0   5.0 350.0                            LAT/LON1/LON2/DLON/H
  583  597  609  619  626  632  636  639  639  638  635  631  625  618  611  602
  593  583  573  562  552  540  529  517  505  493  481  468  455  441  427  412
  397  380  363  345  325  305  284  262  239  214  190  164  139  113   92   92
   92   92   92  106  130  154  178  202  227  251  276  300  325  350  374  399
  423  446  469  491  512  532  551  568  583
     2.5-180.0 180.0   5.0 350.0                            LAT/LON1/LON2/DLON/H
  581  597  610  622  632  640  645  649  651  652  650  647  643  637  630  623
  614  605  595  585  574  563  551  539  527  514  501  487  473  459  444  428
  411  393  374  355  334  312  290  266  241  216  190  163  137  110   92   92
   92   92   92   99  122  146  169  192  216  240  263  288  312  337  361  386
  410  435  458  481  504  525  545  564  581
