Space weather/ckmg0770.15i
     1.0            IONOSPHERE MAPS     GNSS                IONEX VERSION / TYPE
BIMINX V5.3         AIUB                23-MAR-15 07:51     PGM / RUN BY / DATE 
CODE'S KLOBUCHAR-STYLE IONOSPHERE MODEL FOR DAY 077, 2015   COMMENT             
  2015     3    18     0     0     0                        EPOCH OF FIRST MAP  
  2015     3    19     0     0     0                        EPOCH OF LAST MAP   
  3600                                                      INTERVAL            
    25                                                      # OF MAPS IN FILE   
  NONE                                                      MAPPING FUNCTION    
     0.0                                                    ELEVATION CUTOFF    
                                                            OBSERVABLES USED    
  6371.0                                                    BASE RADIUS         
     2                                                      MAP DIMENSION       
   350.0 350.0   0.0                                        HGT1 / HGT2 / DHGT  
    87.5 -87.5  -2.5                                        LAT1 / LAT2 / DLAT  
  -180.0 180.0   5.0                                        LON1 / LON2 / DLON  
    -1                                                      EXPONENT            
TEC/RMS values in 0.1 TECU; 9999, if no value available     COMMENT             
                                                            END OF HEADER       
[from data line 7293]
    18                                                      START OF TEC MAP    
  2015     3    18    17     0     0                        EPOCH OF CURRENT MAP
    87.5-180.0 180.0   5.0 350.0                            LAT/LON1/LON2/DLON/H
   92   92   92   92   92   92   92   92   92   92   92   92   92   92   92   92
   94   98  102  106  110  113  116  117  116  114  110  105   99   92   92   92
   92   92   92   92   92   92   92   92   92   92   92   92   92   92   92   92
   92   92   92   92   92   92   92   92   92   92   92   92   92   92   92   92
   92   92   92   92   92   92   92   92   92
    85.0-180.0 180.0   5.0 350.0                            LAT/LON1/LON2/DLON/H
   92   92   92   92   92   92   92   92   92   92   92   92   92   92   92   92
   94   98  102  106  110  113  116  117  116  114  110  105   99   92   92   92
   92   92   92   92   92   92   92   92   92   92   92   92   92   92   92   92
   92   92   92   92   92   92   92   92   92   92   92   92   92   92   92   92
   92   92   92   92   92   92   92   92   92
    82.5-180.0 180.0   5.0 350.0                            LAT/LON1/LON2/DLON/H
   92   92   92   92   92   92   92   92   92   92   92   92   92   92   92   92
   94   98  102  106  110  113  116  117  116  114  110  105   99   92   92   92
   92   92   92   92   92   92   92   92   92   92   92   92   92   92   92   92
   92   92   92   92   92   92   92   92   92   92   92   92   92   92   92   92
   92   92   92   92   92   92   92   92   92
    80.0-180.0 180.0   5.0 350.0                            LAT/LON1/LON2/DLON/H
   92   92   92   92   92   92   92   92   92   92   92   92   92   92   92   92
   94   98  102  106  110  113  116  117  116  114  110  105   99   92   92   92
   92   92   92   92   92   92   92   92   92   92   92   92   92   92   92   92
   92   92   92   92   92   92   92   92   92   92   92   92   92   92   92   92
   92   92   92   92   92   92   92   92   92
    77.5-180.0 180.0   5.0 350.0                            LAT/LON1/LON2/DLON/H
   92   92   92   92   92   92   92   92   92   92   92   92   92   92   92   92
   94   98  102  106  110  113  116  117  116  114  110  105   99   92   92   92
   92   92   92   92   92   92   92   92   92   92   92   92   92   92   92   92
   92   92   92   92   92   92   92   92   92   92   92   92   92   92   92   92
   92   92   92   92   92   92   92   92   92
    75.0-180.0 180.0   5.0 350.0                            LAT/LON1/LON2/DLON/H
   92   92   92   92   92   92   92   92   92   92   92   92   92   92   92   92
   94   98  102  106  110  113  116  117  116  114  110  105   99   92   92   92
   92   92   92   92   92   92   92   92   92   92   92   92   92   92   92   92
   92   92   92   92   92   92   92   92   92   92   92   92   92   92   92   92
   92   92   92   92   92   92   92   92   92
    72.5-180.0 180.0   5.0 350.0                            LAT/LON1/LON2/DLON/H
   92   92   92   92   92   92   92   92   92   92   92   92   92   92   92   92
   92   92   92   92   92   92   92   92   92   92   92   92   92   92   92   92
   92   92   92   92   92   92   92   92   92   92   92   92   92   92   92   92
   92   92   92   92   92   92   92   92   92   92   92   92   92   92   92   92
   92   92   92   92   92   92   92   92   92
    70.0-180.0 180.0   5.0 350.0                            LAT/LON1/LON2/DLON/H
   92   92   92   92   92   92   92   92   92   92   92   92   92   92   92   92
   92   92   92   92   92   92   92   92   92   92   92   92   92   92   92   92
   92   92   92   92   92   92   92   92   92   92   92   92   92   92   92   92
   92   92   92   92   92   92   92   92   92   92   92   92   92   92   92   92
   92   92   92   92   92   92   92   92   92
    67.5-180.0 180.0   5.0 350.0                            LAT/LON1/LON2/DLON/H
   92   92   92   92   92   92   92   92   92   92   92   92   92   92   92   92
   92   92   92   92   92   92   92   92   92   92   92   92   92   92   92   92
   92   92   92   92   92   92   92   92   92   92   92   92   92   92   92   92
   92   92   92   92   92   92   92   92   92   92   92   92   92   92   92   92
   92   92   92   92   92   92   92   92   92
    65.0-180.0 180.0   5.0 350.0                            LAT/LON1/LON2/DLON/H
   92   92   92   92   92   92   92   92   92   92   92   92   92   92   92   92
   92   92   92   92   92   92   92   92   92   92   92   92   92   92   92   92
   92   92   92   92   92   92   92   92   92   92   92   92   92   92   92   92
   92   92   92   92   92   92   92   92   92   92   92   92   92   92   92   92
   92   92   92   92   92   92   92   92   92
    62.5-180.0 180.0   5.0 350.0                            LAT/LON1/LON2/DLON/H
   92   92   92   92   92   92   92   92   92   92   92   92   92   92   92   92
   92   92   92   92   92   92   92   92   92   92   92   92   92   92   92   92
   92   92   92   92   92   92   92   92   92   92   92   92   92   92   92   92
   92   92   92   92   92   92   92   92   92   92   92   92   92   92   92   92
   92   92   92   92   92   92   92   92   92
    60.0-180.0 180.0   5.0 350.0                            LAT/LON1/LON2/DLON/H
   92   92   92   92   92   92   92   92   92   92   92   92   92   92   92   92
   92   92   92   92   92   92   92   92   92   92   92   92   92   92   92   92
   92   92   92   92   92   92   92   92   92   92   92   92   92   92   92   92
   92   92   92   92   92   92   92   92   92   92   92   92   92   92   92   92
   92   92   92   92   92   92   92   92   92
    57.5-180.0 180.0   5.0 350.0                            LAT/LON1/LON2/DLON/H
   92   92   92   92   92   92   92   92   92   92   92   92   92   92   92   92
   92   92   92   92   92   92   92   92   92   92   92   92   92   92   92   92
   92   92   92   92   92   92   92   92   92   92   92   92   92   92   92   92
   92   92   92   92   92   92   92   92   92   92   92   92   92   92   92   92
   92   92   92   92   92   92   92   92   92
    55.0-180.0 180.0   5.0 350.0                            LAT/LON1/LON2/DLON/H
   92   92   92   92   92   92   92   92   92   92   92   92   92   92   92   92
   92   92   92   92   92   92   92   92   92   92   92   92   92   92   92   92
   92   92   92   92   92   92   92   92   93   95   96   97   96   95   94   92
   92   92   92   92   92   92   92   92   92   92   92   92   92   92   92   92
   92   92   92   92   92   92   92   92   92
    52.5-180.0 180.0   5.0 350.0                            LAT/LON1/LON2/DLON/H
   92   92   92   92   92   92   92   92   92   92   92   92   92   92   92   92
   92   92   92   92   92   92   92   92   92   92   92   92   92   92   92   92
   92   92   92   92   92   92   96  100  103  105  107  108  108  107  105  102
   98   94   92   92   92   92   92   92   92   92   92   92   92   92   92   92
   92   92   92   92   92   92   92   92   92
    50.0-180.0 180.0   5.0 350.0                            LAT/LON1/LON2/DLON/H
   92   92   92   92   92   92   92   92   92   92   92   92   92   92   92   92
   92   92   92   92   92   92   92   92   92   92   92   92   92   92   92   92
   92   92   92   96  102  107  111  115  119  121  123  124  124  123  120  117
  113  108  102   94   92   92   92   92   92   92   92   92   92   92   92   92
   92   92   92   92   92   92   92   92   92
    47.5-180.0 180.0   5.0 350.0                            LAT/LON1/LON2/DLON/H
   92   92   92   92   92   92   92   92   92   92   92   93   93   92   92   92
   92   92   92   92   92   92   92   92   92   92   92   92   92   92   92   92
   97  103  110  116  121  127  131  135  139  141  143  144  144  142  140  136
  131  125  118  110  101   92   92   92   92   92   92   92   92   92   92   92
   92   92   92   92   92   92   92   92   92
    45.0-180.0 180.0   5.0 350.0                            LAT/LON1/LON2/DLON/H
   92   92   92   92   92   92   92   94   96   98   99  100  100   99   98   97
   96   94   92   92   92   92   92   92   92   92   92   93   98  103  108  114
  120  127  133  139  145  150  155  159  162  165  166  167  166  165  162  157
  152  145  137  128  118  107   95   92   92   92   92   92   92   92   92   92
   92   92   92   92   92   92   92   92   92
    42.5-180.0 180.0   5.0 350.0                            LAT/LON1/LON2/DLON/H
   92   92   92   92   96  100  104  106  109  110  112  112  113  112  112  111
  110  109  108  107  107  106  106  107  109  112  115  119  123  129  135  141
  147  153  160  166  171  177  181  185  189  191  192  192  191  189  186  181
  175  167  158  148  137  124  111   97   92   92   92   92   92   92   92   92
   92   92   92   92   92   92   92   92   92
    40.0-180.0 180.0   5.0 350.0                            LAT/LON1/LON2/DLON/H
   92   93  100  106  111  116  120  123  125  127  129  130  130  131  130  130
  130  130  129  129  129  130  131  133  135  139  142  147  152  157  163  169
  176  182  188  195  200  205  210  214  217  219  220  220  218  215  211  205
  198  190  180  169  157  143  129  113   97   92   92   92   92   92   92   92
   92   92   92   92   92   92   92   92   92
    37.5-180.0 180.0   5.0 350.0                            LAT/LON1/LON2/DLON/H
  100  109  117  124  130  135  139  143  146  148  150  151  152  152  153  153
  153  154  154  155  156  157  159  161  164  168  172  177  182  188  194  200
  207  213  219  225  231  236  240  244  247  248  249  248  246  242  237  231
  223  214  203  191  177  163  147  130  113   95   92   92   92   92   92   92
   92   92   92   92   92   92   92   92  100
    35.0-180.0 180.0   5.0 350.0                            LAT/LON1/LON2/DLON/H
  117  127  135  143  150  156  161  165  168  171  173  175  176  177  178  179
  180  180  181  183  184  186  188  191  195  199  204  209  214  220  226  233
  239  245  251  257  263  268  272  275  277  278  278  277  274  270  264  256
  248  237  225  212  198  182  165  147  129  110   92   92   92   92   92   92
   92   92   92   92   92   92   95  107  117
    32.5-180.0 180.0   5.0 350.0                            LAT/LON1/LON2/DLON/H
  135  146  155  164  171  178  184  188  193  196  199  201  203  204  206  207
  208  209  211  213  215  217  220  223  227  232  236  242  247  253  260  266
  272  279  285  290  295  300  304  306  308  308  308  306  302  297  290  282
  272  261  248  233  218  201  183  164  145  124  104   92   92   92   92   92
   92   92   92   92   92   97  111  123  135
    30.0-180.0 180.0   5.0 350.0                            LAT/LON1/LON2/DLON/H
  153  165  176  185  194  201  208  213  218  222  226  228  231  233  235  237
  238  240  242  244  247  250  253  257  261  265  271  276  282  288  294  300
  307  313  318  324  329  333  336  338  339  339  337  334  330  323  316  306
  295  283  269  254  237  219  200  180  160  138  117   95   92   92   92   92
   92   92   92   92   96  112  127  141  153
    27.5-180.0 180.0   5.0 350.0                            LAT/LON1/LON2/DLON/H
  172  185  196  207  217  225  232  239  244  249  253  257  260  263  265  267
  270  272  274  277  280  283  287  291  295  300  305  311  317  323  329  335
  341  347  352  357  362  365  368  369  369  368  366  362  356  349  340  330
  318  304  289  273  255  236  216  195  174  151  129  106   92   92   92   92
   92   92   92   92  109  126  142  158  172
    25.0-180.0 180.0   5.0 350.0                            LAT/LON1/LON2/DLON/H
  189  204  217  228  239  249  257  264  271  277  282  286  290  293  296  299
  302  304  307  310  314  317  321  325  330  335  340  346  352  358  364  370
  376  381  386  391  394  397  399  400  399  397  394  389  382  374  364  352
  339  324  308  290  271  251  230  209  186  163  140  116   92   92   92   92
   92   92   92  103  122  140  158  174  189
    22.5-180.0 180.0   5.0 350.0                            LAT/LON1/LON2/DLON/H
  206  222  236  249  261  272  281  290  297  304  310  315  319  323  327  330
  334  337  340  344  348  351  356  360  365  370  376  381  387  393  399  404
  410  415  419  423  426  428  429  429  427  424  420  414  406  396  385  372
  358  342  324  306  286  265  243  220  197  173  149  124  100   92   92   92
   92   92   93  113  134  153  172  189  206
    20.0-180.0 180.0   5.0 350.0                            LAT/LON1/LON2/DLON/H
  221  238  254  268  282  294  304  314  323  330  337  343  348  353  358  362
  366  370  373  377  381  386  390  395  400  405  410  416  422  427  433  438
  443  448  452  455  457  458  458  457  454  450  444  437  428  417  404  390
  374  357  338  319  298  276  253  229  205  181  156  131  106   92   92   92
   92   92  100  122  144  164  184  203  221
    17.5-180.0 180.0   5.0 350.0                            LAT/LON1/LON2/DLON/H
  235  253  270  286  301  314  326  337  347  356  363  370  377  382  388  392
  397  401  406  410  415  419  424  429  434  439  445  450  455  461  466  471
  475  479  482  485  486  486  485  483  479  474  466  458  447  435  421  405
  388  370  350  329  307  284  260  236  211  186  161  136  111   92   92   92
   92   92  106  129  152  174  195  216  235
    15.0-180.0 180.0   5.0 350.0                            LAT/LON1/LON2/DLON/H
  247  266  285  302  318  333  346  359  370  380  389  397  404  411  417  422
  427  432  437  442  447  452  457  462  467  472  478  483  488  493  498  502
  506  509  512  513  514  513  510  507  502  495  486  476  464  450  435  418
  399  380  359  337  314  290  265  240  215  190  164  138  113   92   92   92
   92   92  111  135  158  182  204  226  247
    12.5-180.0 180.0   5.0 350.0                            LAT/LON1/LON2/DLON/H
  256  277  297  316  333  349  364  378  390  402  412  421  430  437  444  450
  456  462  468  473  478  483  489  494  499  504  509  514  519  524  528  532
  535  537  539  539  539  536  533  528  521  513  503  491  478  462  445  427
  407  386  364  341  317  292  267  242  216  190  164  139  113   92   92   92
   92   92  113  138  163  187  211  234  256
    10.0-180.0 180.0   5.0 350.0                            LAT/LON1/LON2/DLON/H
  262  285  307  327  346  364  380  395  409  422  433  444  453  462  470  477
  484  490  496  502  508  513  519  524  529  534  539  544  549  553  556  559
  562  563  564  563  561  558  553  546  538  528  516  503  488  471  453  433
  412  389  366  342  317  292  266  240  214  188  162  136  111   92   92   92
   92   92  113  139  164  190  215  239  262
     7.5-180.0 180.0   5.0 350.0                            LAT/LON1/LON2/DLON/H
  266  290  313  335  356  375  393  410  425  439  452  464  474  484  493  501
  509  516  523  529  535  541  547  552  557  562  567  572  576  579  582  585
  586  586  586  584  580  576  569  561  551  540  526  511  495  476  456  435
  412  389  364  339  314  288  261  235  209  183  157  132  107   92   92   92
   92   92  111  137  164  190  216  241  266
     5.0-180.0 180.0   5.0 350.0                            LAT/LON1/LON2/DLON/H
  267  292  317  340  362  383  403  421  438  454  468  481  493  504  514  523
  532  540  547  554  560  566  572  578  583  588  592  597  600  603  605  607
  607  607  605  601  597  590  582  573  561  548  533  516  497  477  456  433
  409  384  359  333  307  280  254  228  201  176  150  125  101   92   92   92
   92   92  107  133  160  187  214  241  267
     2.5-180.0 180.0   5.0 350.0                            LAT/LON1/LON2/DLON/H
  265  291  317  342  366  388  409  429  448  465  481  495  509  521  532  542
  552  560  568  576  583  589  595  601  606  611  615  619  622  624  625  626
  625  623  620  615  609  601  592  580  567  552  535  516  496  474  451  427
  402  376  350  323  296  270  243  217  191  166  141  117   93   92   92   92
   92   92  100  127  155  182  210  238  265
