Space weather/ckmg0750.15i
     1.0            IONOSPHERE MAPS     GNSS                IONEX VERSION / TYPE
BIMINX V5.3         AIUB                21-MAR-15 07:55     PGM / RUN BY / DATE 
CODE'S KLOBUCHAR-STYLE IONOSPHERE MODEL FOR DAY 075, 2015   COMMENT             
  2015     3    16     0     0     0                        EPOCH OF FIRST MAP  
  2015     3    17     0     0     0                        EPOCH OF LAST MAP   
  3600                                                      INTERVAL            
    25                                                      # OF MAPS IN FILE   
  NONE                                                      MAPPING FUNCTION    
     0.0                                                    ELEVATION CUTOFF    
                                                            OBSERVABLES USED    
  6371.0                                                    BASE RADIUS         
     2                                                      MAP DIMENSION       
   350.0 350.0   0.0                                        HGT1 / HGT2 / DHGT  
    87.5 -87.5  -2.5                                        LAT1 / LAT2 / DLAT  
  -180.0 180.0   5.0                                        LON1 / LON2 / DLON  
    -1                                                      EXPONENT            
TEC/RMS values in 0.1 TECU; 9999, if no value available     COMMENT             
                                                            END OF HEADER       
[from data line 1287]
     4                                                      START OF TEC MAP    
  2015     3    16     3     0     0                        EPOCH OF CURRENT MAP
    87.5-180.0 180.0   5.0 350.0                            LAT/LON1/LON2/DLON/H
   92   92   92   92   92   92   92   92   92   92   92   92   92   92   92   92
   92   92   92   92   92   92   92   92   92   92   92   92   92   92   92   92
   92   92   92   92   92   92   92   92   92   92   92   92   92   92   92   92
   92   92   92   92   92   92   92   92   92   92   92   92   92   92   92   92
   92   92   92   92   92   92   92   92   92
    85.0-180.0 180.0   5.0 350.0                            LAT/LON1/LON2/DLON/H
   92   92   92   92   92   92   92   92   92   92   92   92   92   92   92   92
   92   92   92   92   92   92   92   92   92   92   92   92   92   92   92   92
   92   92   92   92   92   92   92   92   92   92   92   92   92   92   92   92
   92   92   92   92   92   92   92   92   92   92   92   92   92   92   92   92
   92   92   92   92   92   92   92   92   92
    82.5-180.0 180.0   5.0 350.0                            LAT/LON1/LON2/DLON/H
   92   92   92   92   92   92   92   92   92   92   92   92   92   92   92   92
   92   92   92   92   92   92   92   92   92   92   92   92   92   92   92   92
   92   92   92   92   92   92   92   92   92   92   92   92   92   92   92   92
   92   92   92   92   92   92   92   92   92   92   92   92   92   92   92   92
   92   92   92   92   92   92   92   92   92
    80.0-180.0 180.0   5.0 350.0                            LAT/LON1/LON2/DLON/H
   92   92   92   92   92   92   92   92   92   92   92   92   92   92   92   92
   92   92   92   92   92   92   92   92   92   92   92   92   92   92   92   92
   92   92   92   92   92   92   92   92   92   92   92   92   92   92   92   92
   92   92   92   92   92   92   92   92   92   92   92   92   92   92   92   92
   92   92   92   92   92   92   92   92   92
    77.5-180.0 180.0   5.0 350.0                            LAT/LON1/LON2/DLON/H
   92   92   92   92   92   92   92   92   92   92   92   92   92   92   92   92
   92   92   92   92   92   92   92   92   92   92   92   92   92   92   92   92
   92   92   92   92   92   92   92   92   92   92   92   92   92   92   92   92
   92   92   92   92   92   92   92   92   92   92   92   92   92   92   92   92
   92   92   92   92   92   92   92   92   92
    75.0-180.0 180.0   5.0 350.0                            LAT/LON1/LON2/DLON/H
   92   92   92   92   92   92   92   92   92   92   92   92   92   92   92   92
   92   92   92   92   92   92   92   92   92   92   92   92   92   92   92   92
   92   92   92   92   92   92   92   92   92   92   92   92   92   92   92   92
   92   92   92   92   92   92   92   92   92   92   92   92   92   92   92   92
   92   92   92   92   92   92   92   92   92
    72.5-180.0 180.0   5.0 350.0                            LAT/LON1/LON2/DLON/H
   92   92   92   92   92   92   92   92   92   92   92   92   92   92   92   92
   92   92   92   92   92   92   92   92   92   92   92   92   92   92   92   92
   92   92   92   92   92   92   92   92   92   92   92   92   92   92   92   92
   92   92   92   92   92   92   92   92   92   92   92   92   92   92   92   92
   92   92   92   92   92   92   92   92   92
    70.0-180.0 180.0   5.0 350.0                            LAT/LON1/LON2/DLON/H
   92   92   92   92   92   92   92   92   92   92   92   92   92   92   92   92
   92   92   92   92   92   92   92   92   92   92   92   92   92   92   92   92
   92   92   92   92   92   92   92   92   92   92   92   92   92   92   92   92
   92   92   92   92   92   92   92   92   92   92   92   92   92   92   92   92
   92   92   92   92   92   92   92   92   92
    67.5-180.0 180.0   5.0 350.0                            LAT/LON1/LON2/DLON/H
   92   92   92   92   92   92   92   92   92   92   92   92   92   92   92   92
   92   92   92   92   92   92   92   92   92   92   92   92   92   92   92   92
   92   92   92   92   92   92   92   92   92   92   92   92   92   92   92   92
   92   92   92   92   92   92   92   92   92   92   92   92   92   92   92   92
   92   92   92   92   92   92   92   92   92
    65.0-180.0 180.0   5.0 350.0                            LAT/LON1/LON2/DLON/H
   92   92   92   92   92   92   92   92   92   92   92   92   92   92   92   92
   92   92   92   92   92   92   92   92   92   92   92   92   92   92   92   92
   92   92   92   92   92   92   92   92   92   92   92   92   92   92   92   92
   92   92   92   92   92   92   92   92   93   94   95   96   94   92   92   92
   92   92   92   92   92   92   92   92   92
    62.5-180.0 180.0   5.0 350.0                            LAT/LON1/LON2/DLON/H
   92   92   92   92   92   92   92   92   92   92   92   92   92   92   92   92
   92   92   92   92   92   92   92   92   92   92   92   92   92   92   92   92
   92   92   92   92   92   92   92   92   92   92   92   92   92   92   92   92
   92   92   92   92   92   92   97  105  114  122  129  134  138  139  137  132
  124  113   98   92   92   92   92   92   92
    60.0-180.0 180.0   5.0 350.0                            LAT/LON1/LON2/DLON/H
   92   92   92   92   92   92   92   92   92   92   92   92   92   92   92   92
   92   92   92   92   92   92   92   92   92   92   92   92   92   92   92   92
   92   92   92   92   92   92   92   92   92   92   92   92   92   92   92   92
   92   92   92   92   94  106  120  134  148  160  171  180  186  190  191  188
  183  174  162  147  128  107   92   92   92
    57.5-180.0 180.0   5.0 350.0                            LAT/LON1/LON2/DLON/H
  103   92   92   92   92   92   92   92   92   92   92   92   92   92   92   92
   92   92   92   92   92   92   92   92   92   92   92   92   92   92   92   92
   92   92   92   92   92   92   92   92   92   92   92   92   92   92   92   92
   92   92   92   99  116  134  153  171  188  203  216  227  235  241  243  243
  239  232  222  209  193  173  151  127  103
    55.0-180.0 180.0   5.0 350.0                            LAT/LON1/LON2/DLON/H
  166  141  115   92   92   92   92   92   92   92   92   92   92   92   92   92
   92   92   92   92   92   92   92   92   92   92   92   92   92   92   92   92
   92   92   92   92   92   92   92   92   92   92   92   92   92   92   92   92
   92   92  104  125  147  169  191  211  230  246  261  273  283  289  293  294
  292  287  278  267  252  234  214  191  166
    52.5-180.0 180.0   5.0 350.0                            LAT/LON1/LON2/DLON/H
  226  201  174  148  122  101   92   92   92   92   92   92   92   92   92   92
   92   92   92   92   92   92   92   92   92   92   92   92   92   92   92   92
   92   92   92   92   92   92   92   92   92   92   92   92   92   92   92   92
   92  108  132  157  182  207  230  251  271  289  304  317  328  335  340  342
  341  337  330  320  307  291  272  250  226
    50.0-180.0 180.0   5.0 350.0                            LAT/LON1/LON2/DLON/H
  282  257  231  204  176  149  125  106   92   92   92   92   92   92   92   92
   92   92   92   92   92   92   92   92   92   92   92   92   92   92   92   92
   92   92   92   92   92   92   92   92   92   92   92   92   92   92   92   92
  110  137  164  192  219  244  268  291  311  329  345  359  369  378  383  386
  386  383  377  369  357  342  325  305  282
    47.5-180.0 180.0   5.0 350.0                            LAT/LON1/LON2/DLON/H
  334  310  284  257  229  201  173  147  125  107   96   92   92   92   92   92
   92   92   92   92   92   92   92   92   92   92   92   92   92   92   92   92
   92   92   92   92   92   92   92   92   92   92   92   92   92   92   92  111
  140  169  198  227  254  281  305  328  348  367  383  397  408  417  423  426
  427  425  421  413  403  390  374  355  334
    45.0-180.0 180.0   5.0 350.0                            LAT/LON1/LON2/DLON/H
  381  359  334  308  280  251  222  194  166  142  121  105   95   92   92   92
   92   92   92   92   92   92   92   92   92   92   92   92   92   92   92   92
   92   92   92   92   92   92   92   92   92   92   92   92   92   92  110  140
  171  202  232  261  289  315  339  362  383  401  417  431  443  452  458  463
  464  463  460  453  444  432  418  401  381
    42.5-180.0 180.0   5.0 350.0                            LAT/LON1/LON2/DLON/H
  424  403  380  355  328  299  270  241  211  183  157  134  115   99   92   92
   92   92   92   92   92   92   92   92   92   92   92   92   92   92   92   92
   92   92   92   92   92   92   92   92   92   92   92   92   92  107  139  170
  202  233  264  293  321  347  371  393  414  432  448  462  474  483  490  495
  497  497  494  489  481  471  458  442  424
    40.0-180.0 180.0   5.0 350.0                            LAT/LON1/LON2/DLON/H
  462  443  421  398  372  345  316  286  256  227  198  171  146  124  105   92
   92   92   92   92   92   92   92   92   92   92   92   92   92   92   92   92
   92   92   92   92   92   92   92   92   92   92   92   92  103  135  167  200
  232  263  294  323  350  375  399  421  441  459  475  489  501  511  518  524
  526  527  525  521  514  505  493  479  462
    37.5-180.0 180.0   5.0 350.0                            LAT/LON1/LON2/DLON/H
  497  479  459  437  412  386  359  330  300  270  240  211  183  157  133  112
   94   92   92   92   92   92   92   92   92   92   92   92   92   92   92   92
   92   92   92   92   92   92   92   92   92   92   92   97  129  162  195  228
  260  291  321  349  376  401  424  446  466  483  499  513  525  535  543  548
  552  553  552  549  543  535  525  512  497
    35.0-180.0 180.0   5.0 350.0                            LAT/LON1/LON2/DLON/H
  527  511  493  472  449  424  398  370  341  311  281  251  222  194  167  142
  119   99   92   92   92   92   92   92   92   92   92   92   92   92   92   92
   92   92   92   92   92   92   92   92   92   92   92  122  155  189  222  254
  286  316  346  373  399  424  446  467  487  504  520  534  546  556  564  570
  574  576  576  573  569  562  553  541  527
    32.5-180.0 180.0   5.0 350.0                            LAT/LON1/LON2/DLON/H
  554  539  522  503  482  459  434  407  379  350  321  291  261  232  203  176
  150  127  105   92   92   92   92   92   92   92   92   92   92   92   92   92
   92   92   92   92   92   92   92   92   92   92  114  147  180  214  246  278
  309  339  367  394  419  443  465  486  505  522  537  551  563  573  581  588
  592  595  596  594  591  585  577  567  554
    30.0-180.0 180.0   5.0 350.0                            LAT/LON1/LON2/DLON/H
  577  564  548  531  511  489  466  440  414  386  357  328  298  269  239  211
  184  158  134  111   92   92   92   92   92   92   92   92   92   92   92   92
   92   92   92   92   92   92   92   92   92  104  137  170  203  236  268  299
  330  358  386  412  436  459  481  501  519  536  551  565  577  587  596  603
  608  611  612  612  609  604  598  589  577
    27.5-180.0 180.0   5.0 350.0                            LAT/LON1/LON2/DLON/H
  597  585  571  555  536  516  494  470  445  418  391  362  333  304  275  246
  218  191  165  140  117   95   92   92   92   92   92   92   92   92   92   92
   92   92   92   92   92   92   92   92   93  125  158  191  224  256  288  318
  347  375  402  427  450  473  494  513  531  547  562  576  588  598  607  614
  620  623  626  626  624  620  615  607  597
    25.0-180.0 180.0   5.0 350.0                            LAT/LON1/LON2/DLON/H
  613  603  590  575  558  540  519  497  473  447  421  393  365  336  307  279
  251  223  196  170  146  122  100   92   92   92   92   92   92   92   92   92
   92   92   92   92   92   92   92   92  113  145  178  211  243  274  304  334
  362  389  414  439  462  483  503  522  540  556  570  584  596  606  615  623
  629  633  636  637  636  633  629  622  613
    22.5-180.0 180.0   5.0 350.0                            LAT/LON1/LON2/DLON/H
  626  617  606  592  577  560  540  519  497  473  448  421  394  366  338  310
  281  254  226  200  174  150  127  104   92   92   92   92   92   92   92   92
   92   92   92   92   92   92   92   99  131  163  196  227  259  289  318  347
  374  400  425  448  470  491  510  529  545  561  576  589  601  611  621  628
  635  640  643  645  645  643  639  634  626
    20.0-180.0 180.0   5.0 350.0                            LAT/LON1/LON2/DLON/H
  636  628  618  606  592  576  558  539  518  495  471  446  420  393  365  338
  310  282  255  228  202  177  153  129  107   92   92   92   92   92   92   92
   92   92   92   92   92   92   92  116  148  180  211  242  272  302  330  357
  383  408  432  454  476  496  515  532  549  564  578  591  603  614  623  631
  638  643  647  650  651  650  647  643  636
    17.5-180.0 180.0   5.0 350.0                            LAT/LON1/LON2/DLON/H
  643  636  627  617  604  590  573  555  535  514  491  467  442  416  390  363
  336  308  281  254  228  203  178  154  131  108   92   92   92   92   92   92
   92   92   92   92   92   92  100  131  162  193  224  254  283  311  339  365
  390  414  437  458  479  498  516  534  550  565  579  591  603  614  623  632
  639  645  649  652  654  654  652  649  643
    15.0-180.0 180.0   5.0 350.0                            LAT/LON1/LON2/DLON/H
  648  642  634  624  613  600  585  568  550  530  508  486  462  437  411  385
  358  332  305  278  252  226  201  176  153  130  107   92   92   92   92   92
   92   92   92   92   92   92  114  145  175  205  235  264  292  319  345  370
  394  417  439  460  479  498  516  532  548  563  576  589  601  612  621  630
  637  643  648  652  654  655  654  652  648
    12.5-180.0 180.0   5.0 350.0                            LAT/LON1/LON2/DLON/H
  649  644  638  629  619  607  594  578  561  543  522  501  478  454  430  404
  378  352  326  299  273  248  222  197  173  149  126  104   92   92   92   92
   92   92   92   92   92   96  126  156  185  214  243  271  298  324  349  373
  396  418  439  459  478  496  513  529  544  559  572  585  596  607  617  626
  633  640  645  650  652  654  654  652  649
    10.0-180.0 180.0   5.0 350.0                            LAT/LON1/LON2/DLON/H
  648  644  639  632  623  612  600  585  570  552  533  513  491  469  445  420
  395  370  344  318  292  266  241  216  191  167  143  121   98   92   92   92
   92   92   92   92   92  107  136  165  193  221  249  276  302  327  351  374
  396  417  437  456  474  492  508  524  538  552  566  578  590  600  610  619
  627  634  640  645  648  650  651  650  648
     7.5-180.0 180.0   5.0 350.0                            LAT/LON1/LON2/DLON/H
  645  642  638  631  624  614  603  590  575  559  541  522  502  480  457  434
  409  385  359  334  308  283  257  232  207  183  159  135  112   92   92   92
   92   92   92   92   92  115  144  172  199  226  253  279  303  327  350  372
  393  414  433  451  469  485  501  516  531  544  557  570  581  592  602  611
  619  626  633  638  642  645  646  646  645
     5.0-180.0 180.0   5.0 350.0                            LAT/LON1/LON2/DLON/H
  640  638  634  629  622  614  603  592  578  563  547  528  509  488  467  444
  421  396  372  347  322  296  271  246  221  196  172  148  124  101   92   92
   92   92   92   92   95  122  150  177  203  229  255  279  303  326  348  369
  389  408  427  445  461  477  493  507  521  535  547  559  571  581  591  601
  609  617  623  629  634  637  639  640  640
     2.5-180.0 180.0   5.0 350.0                            LAT/LON1/LON2/DLON/H
  632  631  628  624  618  611  602  591  579  565  549  532  514  494  474  452
  429  406  382  357  332  307  282  257  232  207  183  158  134  111   92   92
   92   92   92   92  101  127  154  180  205  230  255  278  301  323  344  364
  383  402  419  436  452  468  483  497  510  523  536  548  559  569  579  589
  597  605  612  618  623  627  630  632  632
