Space weather/e1pg0770.15i
     1.0            IONOSPHERE MAPS     GPS                 IONEX VERSION / TYPE
ionmon v2.0         ESA/ESOC            18-mar-15 06:13     PGM / RUN BY / DATE 
ionex file containing 2-dimensional tec maps                COMMENT             
***  1-days TEC PREDICTION for doy 15077                    DESCRIPTION         
  2015     3    18     0     0     0                        EPOCH OF FIRST MAP  
  2015     3    19     0     0     0                        EPOCH OF LAST MAP   
  7200                                                      INTERVAL            
    13                                                      # OF MAPS IN FILE   
  NONE                                                      MAPPING FUNCTION    
     0.0                                                    ELEVATION CUTOFF    
predicted TEC values                                        OBSERVABLES USED    
  6371.0                                                    BASE RADIUS         
     2                                                      MAP DIMENSION       
   450.0 450.0   0.0                                        HGT1 / HGT2 / DHGT  
    87.5 -87.5  -2.5                                        LAT1 / LAT2 / DLAT  
  -180.0 180.0   5.0                                        LON1 / LON2 / DLON  
    -1                                                      EXPONENT            
tec values in 0.1 tec units;  9999, if no value available   COMMENT             
                                                            END OF HEADER       
[from data line 1287]
     4                                                      START OF TEC MAP    
  2015     3    18     6     0     0                        EPOCH OF CURRENT MAP
    87.5-180.0 180.0   5.0 450.0                            LAT/LON1/LON2/DLON/H
  201  199  199  197  196  195  193  193  191  190  189  188  187  186  185  184
  184  183  182  182  181  181  180  180  180  180  181  181  181  182  183  184
  185  186  187  189  190  192  194  195  196  198  199  201  202  204  205  207
  208  209  209  210  211  212  212  212  212  212  212  212  211  211  210  210
  209  208  207  206  205  204  203  201  201
    85.0-180.0 180.0   5.0 450.0                            LAT/LON1/LON2/DLON/H
  199  197  195  192  191  189  187  185  184  182  180  179  177  175  173  172
  170  168  167  165  163  162  161  160  160  160  160  161  161  163  165  167
  169  172  174  177  180  183  187  190  193  196  199  202  205  208  211  213
  216  217  219  221  222  223  224  224  224  224  223  222  221  220  219  217
  216  214  212  210  207  205  203  201  199
    82.5-180.0 180.0   5.0 450.0                            LAT/LON1/LON2/DLON/H
  194  191  188  185  183  180  178  176  174  173  171  169  167  165  163  161
  158  155  152  149  146  144  142  140  139  138  138  139  141  143  146  149
  152  156  160  165  169  174  178  183  188  192  197  201  205  210  213  217
  220  223  226  228  230  231  232  233  233  232  232  231  229  227  225  222
  219  217  214  211  207  204  201  197  194
    80.0-180.0 180.0   5.0 450.0                            LAT/LON1/LON2/DLON/H
  189  184  180  176  173  170  168  166  164  163  161  160  158  156  154  151
  148  145  140  136  132  128  125  122  120  119  119  121  123  126  130  134
  139  144  149  155  160  165  170  176  181  186  191  197  202  207  213  218
  222  226  230  233  235  237  239  240  240  240  239  238  235  233  230  227
  224  221  216  212  207  203  198  193  189
    77.5-180.0 180.0   5.0 450.0                            LAT/LON1/LON2/DLON/H
  185  179  173  168  163  160  156  154  153  151  151  151  150  149  147  144
  140  137  131  126  120  115  111  107  105  104  105  107  110  114  119  125
  130  136  142  147  152  158  162  167  172  178  184  190  196  202  209  215
  221  226  231  235  239  241  244  245  246  246  245  245  243  240  237  235
  231  227  221  217  211  205  198  191  185
    75.0-180.0 180.0   5.0 450.0                            LAT/LON1/LON2/DLON/H
  186  178  169  162  155  150  146  143  141  141  141  140  141  141  139  138
  135  130  125  119  112  107  102   98   96   95   96   99  103  108  115  121
  127  133  138  143  147  151  155  158  163  169  175  182  189  196  204  211
  218  225  231  236  241  245  247  250  251  252  252  252  251  249  247  244
  241  236  231  225  219  211  203  195  186
    72.5-180.0 180.0   5.0 450.0                            LAT/LON1/LON2/DLON/H
  190  180  169  160  151  145  139  135  132  131  130  131  132  132  132  131
  128  124  119  113  107  101   96   93   91   91   93   96  101  107  114  120
  125  130  135  137  141  143  146  149  154  159  166  173  182  191  200  208
  216  223  230  236  241  246  250  254  256  258  258  259  258  257  256  254
  251  247  242  236  229  220  211  201  190
    70.0-180.0 180.0   5.0 450.0                            LAT/LON1/LON2/DLON/H
  197  184  173  162  152  143  135  130  125  124  122  122  123  123  124  123
  121  117  113  108  102   97   93   90   89   90   93   96  101  107  113  118
  123  126  129  131  133  133  136  139  144  151  159  168  178  188  198  207
  215  222  229  236  242  247  252  256  260  262  264  264  264  264  263  262
  261  258  254  248  240  230  220  208  197
    67.5-180.0 180.0   5.0 450.0                            LAT/LON1/LON2/DLON/H
  202  190  177  165  155  145  136  129  124  119  117  115  115  115  115  114
  112  109  105  101   96   92   90   88   88   90   92   96  100  104  108  112
  115  118  119  121  122  123  126  131  137  145  155  166  178  189  200  209
  217  224  230  236  242  248  253  259  263  265  267  268  268  268  268  268
  267  265  261  255  248  238  227  215  202
    65.0-180.0 180.0   5.0 450.0                            LAT/LON1/LON2/DLON/H
  207  194  182  170  159  148  139  131  124  119  114  111  109  108  107  105
  103  100   97   93   90   87   86   86   86   88   90   92   94   97   98  100
  102  104  105  107  109  112  116  123  132  144  156  170  183  196  207  215
  223  229  234  239  244  250  256  261  265  268  269  269  269  269  269  269
  269  268  265  260  252  242  231  219  207
    62.5-180.0 180.0   5.0 450.0                            LAT/LON1/LON2/DLON/H
  208  197  185  173  162  153  143  134  127  120  114  109  105  102  100   97
   95   91   88   85   82   81   80   81   82   84   85   85   85   84   83   84
   84   86   88   92   96  102  110  120  133  147  162  178  193  206  217  226
  232  236  241  245  249  255  260  266  270  272  273  271  269  268  268  268
  269  268  265  260  252  243  232  220  208
    60.0-180.0 180.0   5.0 450.0                            LAT/LON1/LON2/DLON/H
  210  199  187  176  165  155  146  137  129  121  115  108  103   98   95   91
   87   84   80   77   74   73   74   75   76   77   76   75   72   70   67   65
   66   68   73   78   86   96  108  122  138  155  173  190  205  219  230  238
  244  248  252  255  259  263  268  274  278  279  278  275  271  269  268  268
  269  268  265  260  252  243  233  222  210
    57.5-180.0 180.0   5.0 450.0                            LAT/LON1/LON2/DLON/H
  215  203  190  178  166  155  146  138  130  122  115  107  101   96   91   87
   83   79   75   71   68   67   67   67   68   69   68   65   60   56   52   50
   51   54   61   70   81   95  111  128  146  165  184  203  218  232  243  252
  260  264  267  270  273  277  282  287  290  290  288  283  279  274  272  271
  271  271  268  262  255  246  237  226  215
    55.0-180.0 180.0   5.0 450.0                            LAT/LON1/LON2/DLON/H
  227  213  198  182  167  156  146  137  129  121  113  106   99   94   89   85
   80   76   72   68   64   62   61   61   62   62   60   57   52   47   43   41
   43   49   57   68   83   99  118  138  158  179  197  215  230  244  257  268
  277  283  288  290  293  296  299  303  307  307  303  297  290  285  282  281
  280  279  276  270  263  256  247  238  227
    52.5-180.0 180.0   5.0 450.0                            LAT/LON1/LON2/DLON/H
  245  229  209  189  171  157  145  137  128  120  112  104   97   92   87   82
   79   75   71   67   63   60   59   58   58   57   56   53   49   45   43   43
   45   52   61   74   89  108  129  150  171  191  209  225  240  255  269  283
  295  304  310  313  315  317  320  324  327  326  322  315  307  301  297  296
  295  293  290  283  278  272  265  257  245
    50.0-180.0 180.0   5.0 450.0                            LAT/LON1/LON2/DLON/H
  268  249  225  200  178  161  149  139  129  120  111  103   96   91   86   82
   79   75   72   69   65   62   59   58   58   58   57   56   54   52   51   52
   56   62   71   83  100  119  140  162  183  202  218  235  250  265  281  297
  313  325  333  336  337  338  340  344  346  346  342  335  327  320  316  314
  312  310  306  301  296  293  289  281  268
    47.5-180.0 180.0   5.0 450.0                            LAT/LON1/LON2/DLON/H
  292  270  242  213  188  170  156  145  135  124  114  105   98   91   86   82
   79   77   75   73   70   68   65   63   62   63   63   64   64   65   66   68
   72   77   84   95  110  129  151  173  194  212  228  243  258  274  292  310
  328  342  352  355  356  356  358  361  364  363  359  351  344  338  334  331
  329  326  322  318  315  314  311  305  292
    45.0-180.0 180.0   5.0 450.0                            LAT/LON1/LON2/DLON/H
  310  286  255  224  199  181  168  157  146  134  122  112  103   96   90   85
   82   80   80   78   78   77   75   73   72   73   74   76   78   80   83   86
   88   92   96  105  118  137  159  182  203  221  237  252  267  284  303  322
  340  355  364  369  369  369  371  375  376  375  370  363  355  350  346  343
  341  338  335  332  329  329  329  324  310
    42.5-180.0 180.0   5.0 450.0                            LAT/LON1/LON2/DLON/H
  316  291  260  230  206  191  181  171  160  147  134  124  114  106   98   92
   88   86   85   87   87   88   87   86   85   85   86   89   92   95   99  101
  102  103  105  111  123  142  165  189  211  229  246  261  278  295  313  331
  348  362  371  375  377  379  382  385  386  383  376  368  360  355  351  349
  346  344  343  341  339  338  337  331  316
    40.0-180.0 180.0   5.0 450.0                            LAT/LON1/LON2/DLON/H
  311  285  255  226  206  196  190  184  173  160  148  139  130  121  112  104
   98   95   95   96   99  101  102  101   99   99  100  102  105  108  110  111
  111  110  109  112  124  144  169  195  218  238  256  273  290  308  323  338
  353  365  373  379  383  388  394  398  397  391  381  371  363  357  353  351
  349  348  349  348  346  343  338  329  311
    37.5-180.0 180.0   5.0 450.0                            LAT/LON1/LON2/DLON/H
  299  271  240  214  199  193  192  188  179  169  159  152  145  137  129  120
  113  108  107  108  112  114  116  115  113  112  112  113  114  116  117  117
  115  112  109  112  124  145  173  201  225  246  265  285  303  320  334  346
  356  366  375  384  394  404  413  418  415  405  390  377  368  363  359  356
  354  356  359  360  357  349  336  320  299
    35.0-180.0 180.0   5.0 450.0                            LAT/LON1/LON2/DLON/H
  288  256  225  199  185  182  182  180  174  167  162  159  156  152  145  137
  129  123  120  120  123  126  128  126  124  122  120  120  121  121  121  119
  116  112  108  111  123  147  176  206  232  254  274  295  316  332  345  353
  362  372  384  398  415  431  445  451  447  432  413  397  387  382  378  374
  372  376  383  387  381  365  342  317  288
    32.5-180.0 180.0   5.0 450.0                            LAT/LON1/LON2/DLON/H
  291  254  219  190  172  166  164  162  157  153  153  155  159  159  155  150
  143  137  133  130  132  134  134  133  129  127  125  125  125  124  123  121
  117  112  108  111  124  149  179  210  237  260  282  304  326  344  356  364
  373  386  404  426  450  473  491  500  494  476  455  438  429  424  419  413
  411  417  428  435  426  402  367  329  291
    30.0-180.0 180.0   5.0 450.0                            LAT/LON1/LON2/DLON/H
  319  274  232  196  170  154  145  138  132  130  134  142  150  155  157  156
  152  147  141  137  136  136  135  132  129  127  127  128  128  127  126  124
  120  115  111  114  127  152  183  214  241  264  287  311  334  354  369  381
  393  412  438  468  500  528  551  560  556  540  519  504  497  493  488  479
  476  483  498  507  496  463  415  365  319
    27.5-180.0 180.0   5.0 450.0                            LAT/LON1/LON2/DLON/H
  373  324  274  226  186  157  136  121  110  108  113  124  134  142  148  152
  153  150  144  138  135  132  129  126  124  125  127  130  131  131  130  129
  125  120  116  118  131  154  185  215  242  266  290  315  342  365  385  402
  422  449  484  522  559  590  613  626  626  617  604  595  592  590  582  571
  563  570  588  600  588  547  489  428  373
    25.0-180.0 180.0   5.0 450.0                            LAT/LON1/LON2/DLON/H
  455  401  345  285  230  183  147  120  103   97  100  109  118  126  133  141
  145  144  139  133  128  124  120  116  116  120  126  132  135  135  135  134
  131  126  122  123  134  157  186  216  242  267  291  319  348  377  403  429
  458  494  537  580  618  647  669  685  694  698  698  700  704  704  695  678
  665  668  686  700  689  645  580  513  455
    22.5-180.0 180.0   5.0 450.0                            LAT/LON1/LON2/DLON/H
  549  496  437  369  299  237  186  149  124  112  109  111  113  115  119  127
  133  134  131  125  120  114  109  107  109  117  127  134  138  140  140  139
  135  130  125  126  137  157  185  215  243  268  294  323  355  390  423  457
  495  539  586  630  664  687  704  724  747  771  791  807  817  820  809  787
  766  764  779  794  785  741  674  607  549
    20.0-180.0 180.0   5.0 450.0                            LAT/LON1/LON2/DLON/H
  640  593  538  467  388  315  255  209  177  159  148  139  129  120  117  120
  124  126  123  119  114  108  103  101  107  118  131  139  143  143  142  141
  137  132  126  127  137  157  184  214  243  271  298  329  365  404  444  485
  528  575  622  662  688  700  711  736  776  826  869  900  917  920  908  881
  852  841  850  865  858  816  753  690  640
    17.5-180.0 180.0   5.0 450.0                            LAT/LON1/LON2/DLON/H
  708  675  628  562  483  407  344  295  261  238  219  199  174  151  136  130
  128  126  123  119  115  110  105  104  112  126  139  146  146  144  141  139
  134  128  124  125  136  156  183  214  246  275  305  337  374  417  462  507
  552  596  639  670  683  683  687  717  779  856  923  967  987  990  974  944
  908  887  888  899  894  857  801  748  708
    15.0-180.0 180.0   5.0 450.0                            LAT/LON1/LON2/DLON/H
  742  724  691  636  565  495  437  393  363  339  315  286  248  210  180  161
  151  143  137  132  128  122  116  116  125  139  152  155  151  144  138  134
  128  122  119  122  134  154  182  215  250  283  313  346  384  428  476  521
  562  600  633  654  654  641  640  676  758  861  949 1000 1019 1017 1000  968
  928  897  888  893  888  858  810  767  742
    12.5-180.0 180.0   5.0 450.0                            LAT/LON1/LON2/DLON/H
  736  732  716  675  618  561  515  482  461  442  421  387  341  292  249  217
  194  178  166  158  151  144  136  136  144  158  167  166  155  143  133  127
  121  115  113  118  132  154  183  218  255  290  322  354  392  437  485  527
  560  587  609  619  609  587  581  625  725  848  949 1001 1012 1002  983  953
  912  874  854  851  845  819  780  748  736
    10.0-180.0 180.0   5.0 450.0                            LAT/LON1/LON2/DLON/H
  695  703  699  674  632  590  559  541  533  526  513  484  438  384  332  290
  257  230  211  197  185  173  162  158  165  177  184  177  161  143  129  120
  114  109  108  116  131  154  185  221  260  296  328  360  397  442  489  526
  550  564  575  577  561  535  530  580  692  828  933  976  972  951  932  908
  870  827  798  787  778  756  722  698  695
     7.5-180.0 180.0   5.0 450.0                            LAT/LON1/LON2/DLON/H
  635  647  651  634  604  576  559  555  561  570  572  556  519  468  415  367
  326  291  263  241  223  203  187  179  183  193  197  187  167  144  127  117
  110  105  106  113  129  152  183  221  262  300  332  362  398  443  489  521
  535  539  541  540  526  503  501  556  674  812  910  937  912  880  861  846
  816  773  737  718  706  684  655  634  635
     5.0-180.0 180.0   5.0 450.0                            LAT/LON1/LON2/DLON/H
  575  585  587  571  545  523  514  520  538  563  584  587  566  526  479  432
  389  349  314  283  256  229  206  192  192  201  204  194  172  147  128  116
  108  104  104  109  123  146  178  217  259  298  330  360  396  441  486  515
  523  519  517  519  513  499  503  561  677  808  890  894  848  804  787  783
  763  725  686  661  646  624  596  576  575
     2.5-180.0 180.0   5.0 450.0                            LAT/LON1/LON2/DLON/H
  533  534  526  503  471  446  437  446  471  509  547  571  570  546  511  472
  432  392  352  314  279  245  214  195  191  199  204  196  176  150  129  116
  108  104  101  103  113  134  166  207  252  293  326  356  391  437  482  510
  515  509  509  518  525  523  535  593  700  815  876  857  791  737  723  730
  723  691  653  627  610  589  562  540  533
