Space weather/e1pg0770.15i
     1.0            IONOSPHERE MAPS     GPS                 IONEX VERSION / TYPE
ionmon v2.0         ESA/ESOC            18-mar-15 06:13     PGM / RUN BY / DATE 
ionex file containing 2-dimensional tec maps                COMMENT             
***  1-days TEC PREDICTION for doy 15077                    DESCRIPTION         
  2015     3    18     0     0     0                        EPOCH OF FIRST MAP  
  2015     3    19     0     0     0                        EPOCH OF LAST MAP   
  7200                                                      INTERVAL            
    13                                                      # OF MAPS IN FILE   
  NONE                                                      MAPPING FUNCTION    
     0.0                                                    ELEVATION CUTOFF    
predicted TEC values                                        OBSERVABLES USED    
  6371.0                                                    BASE RADIUS         
     2                                                      MAP DIMENSION       
   450.0 450.0   0.0                                        HGT1 / HGT2 / DHGT  
    87.5 -87.5  -2.5                                        LAT1 / LAT2 / DLAT  
  -180.0 180.0   5.0                                        LON1 / LON2 / DLON  
    -1                                                      EXPONENT            
tec values in 0.1 tec units;  9999, if no value available   COMMENT             
                                                            END OF HEADER       
[from data line 429]
     2                                                      START OF TEC MAP    
  2015     3    18     2     0     0                        EPOCH OF CURRENT MAP
    87.5-180.0 180.0   5.0 450.0                            LAT/LON1/LON2/DLON/H
   33   33   34   34   35   35   35   35   35   35   35   35   34   34   33   32
   32   31   30   28   27   26   24   23   22   20   19   17   16   14   13   12
   11   10    9    8    7    7    7    6    6    7    7    7    8    8    9   10
   11   12   13   14   15   16   17   18   19   20   21   22   23   24   25   26
   27   28   29   29   30   31   32   32   33
    85.0-180.0 180.0   5.0 450.0                            LAT/LON1/LON2/DLON/H
   52   53   54   55   56   56   57   57   57   57   57   57   57   56   55   54
   53   51   50   48   45   43   40   37   34   31   27   24   21   18   15   12
   10    8    6    5    4    3    3    3    3    4    5    6    8   10   12   14
   16   18   20   22   24   26   28   30   31   33   35   36   37   39   40   41
   43   44   45   46   48   49   50   51   52
    82.5-180.0 180.0   5.0 450.0                            LAT/LON1/LON2/DLON/H
   73   75   76   77   78   78   79   79   79   79   79   79   79   78   78   77
   75   74   71   69   66   62   58   54   49   45   40   35   30   25   21   17
   14   11    9    7    6    6    6    7    8   10   12   15   17   21   24   27
   30   34   37   40   42   45   47   49   51   53   54   56   57   58   59   60
   61   62   64   65   67   68   70   72   73
    80.0-180.0 180.0   5.0 450.0                            LAT/LON1/LON2/DLON/H
   94   96   97   98   98   98   98   97   97   96   95   95   94   94   94   93
   92   91   89   86   83   79   74   69   64   58   51   45   39   34   29   24
   20   17   15   14   14   14   15   17   19   22   26   29   33   37   41   46
   50   54   58   61   65   67   70   72   73   74   75   75   76   76   77   77
   78   79   81   82   85   87   89   92   94
    77.5-180.0 180.0   5.0 450.0                            LAT/LON1/LON2/DLON/H
  112  115  116  117  116  115  113  110  107  105  103  102  101  100  100  100
   99   98   97   94   91   87   83   77   71   65   59   52   46   41   36   31
   28   26   24   24   25   26   28   31   34   38   42   46   50   55   60   64
   69   73   77   81   84   87   89   90   91   92   92   91   91   90   90   90
   90   91   93   95   98  102  106  109  112
    75.0-180.0 180.0   5.0 450.0                            LAT/LON1/LON2/DLON/H
  128  131  133  133  131  127  122  117  111  106  102   99   97   97   96   96
   96   96   94   92   89   85   81   76   71   66   60   55   49   45   40   37
   35   34   34   35   36   39   42   45   49   52   56   60   65   69   74   78
   82   86   90   93   96   98  100  101  102  102  101  100   99   98   97   96
   96   97   99  103  107  112  118  123  128
    72.5-180.0 180.0   5.0 450.0                            LAT/LON1/LON2/DLON/H
  139  144  147  146  143  137  129  119  110  102   95   90   88   86   86   86
   85   84   83   80   77   74   71   68   64   61   57   53   50   46   44   42
   41   41   42   45   47   51   54   57   60   63   66   69   73   76   80   84
   87   91   94   96   99  101  102  103  104  104  103  102  100   99   97   96
   97   98  101  105  110  117  125  132  139
    70.0-180.0 180.0   5.0 450.0                            LAT/LON1/LON2/DLON/H
  146  153  157  157  152  144  133  120  107   95   86   80   76   74   73   73
   72   70   67   65   62   59   57   56   55   54   53   51   49   48   46   46
   46   47   49   52   56   59   62   64   66   67   69   71   73   75   78   81
   84   86   88   90   92   94   96   97   98   99   99   98   97   95   94   93
   94   95   98  103  110  118  127  137  146
    67.5-180.0 180.0   5.0 450.0                            LAT/LON1/LON2/DLON/H
  148  157  163  164  159  149  135  120  104   90   79   71   67   65   63   62
   61   58   54   50   47   45   45   46   47   49   50   51   51   51   50   50
   50   52   55   57   60   63   65   66   66   65   65   65   66   68   70   72
   74   75   77   79   81   83   85   87   90   91   92   92   91   91   90   90
   91   93   96  101  108  116  126  138  148
    65.0-180.0 180.0   5.0 450.0                            LAT/LON1/LON2/DLON/H
  147  158  165  167  163  153  138  120  103   87   75   67   63   61   59   58
   55   51   47   42   39   38   39   42   45   49   53   55   55   55   55   54
   54   55   57   59   61   63   63   62   60   58   56   55   55   56   57   59
   61   62   64   65   68   70   74   78   81   84   86   87   87   87   87   88
   89   92   95  100  106  114  124  135  147
    62.5-180.0 180.0   5.0 450.0                            LAT/LON1/LON2/DLON/H
  143  155  164  167  165  155  140  123  105   89   77   69   64   62   60   58
   55   51   47   43   40   40   42   46   51   55   59   61   61   61   59   58
   57   57   57   58   58   58   57   54   50   47   44   42   42   43   45   47
   49   50   52   54   58   62   67   72   77   81   84   85   86   86   87   89
   91   94   97  101  105  111  120  131  143
    60.0-180.0 180.0   5.0 450.0                            LAT/LON1/LON2/DLON/H
  137  149  159  165  164  156  142  126  109   94   82   74   69   66   64   62
   59   56   52   49   48   48   51   55   60   64   67   67   66   64   61   59
   56   55   54   53   52   50   48   44   39   35   32   30   30   32   35   37
   40   42   45   49   53   59   66   73   79   84   87   88   88   88   90   92
   96  100  103  105  107  111  117  126  137
    57.5-180.0 180.0   5.0 450.0                            LAT/LON1/LON2/DLON/H
  132  143  154  160  161  156  145  130  115  101   90   81   74   69   66   63
   62   61   59   58   59   60   63   66   69   71   71   70   67   63   59   56
   53   50   48   46   43   40   37   33   29   25   22   21   22   25   28   32
   35   39   44   50   56   64   72   80   87   92   95   95   94   93   94   98
  102  107  110  111  111  112  116  122  132
    55.0-180.0 180.0   5.0 450.0                            LAT/LON1/LON2/DLON/H
  129  139  149  156  159  155  147  136  123  111   99   89   79   70   64   61
   60   61   63   65   66   68   70   72   73   72   69   65   61   56   52   48
   45   42   39   36   33   30   27   24   20   18   16   16   18   21   25   30
   36   42   49   57   66   75   85   93  100  104  106  105  102  100  101  104
  110  115  117  118  116  115  117  121  129
    52.5-180.0 180.0   5.0 450.0                            LAT/LON1/LON2/DLON/H
  131  139  147  154  158  157  152  143  133  123  111   97   82   69   59   54
   54   57   61   64   67   69   70   70   68   64   60   54   48   44   40   37
   34   32   29   26   22   19   17   16   15   14   13   14   16   21   26   32
   40   48   58   69   80   91  100  108  114  118  118  116  112  109  109  112
  117  122  125  124  122  120  121  125  131
    50.0-180.0 180.0   5.0 450.0                            LAT/LON1/LON2/DLON/H
  138  144  151  157  161  162  159  154  147  138  125  108   88   69   55   47
   45   48   53   57   59   60   60   58   55   50   44   39   34   30   27   26
   24   22   20   17   14   11   10   11   12   13   14   15   18   23   29   37
   46   58   71   85   97  108  115  121  126  130  131  129  124  120  119  121
  126  130  131  129  127  127  129  133  138
    47.5-180.0 180.0   5.0 450.0                            LAT/LON1/LON2/DLON/H
  152  155  159  163  168  171  172  170  165  158  145  125  100   76   57   45
   41   41   43   45   45   45   43   41   38   34   30   26   23   21   19   18
   17   16   14   11    9    7    7    9   12   15   17   19   22   27   34   43
   56   70   86  102  115  124  129  132  136  140  142  142  138  133  131  133
  137  139  138  134  133  135  141  147  152
    45.0-180.0 180.0   5.0 450.0                            LAT/LON1/LON2/DLON/H
  172  172  171  174  179  185  188  189  188  182  170  149  122   93   70   54
   46   41   38   35   32   30   27   26   25   24   23   22   21   21   20   18
   17   15   14   12   10    8    9   12   16   20   23   25   27   32   40   52
   67   84  103  119  131  137  139  139  142  147  152  155  153  149  147  148
  150  150  145  141  140  147  158  167  172
    42.5-180.0 180.0   5.0 450.0                            LAT/LON1/LON2/DLON/H
  196  192  187  187  193  200  206  210  212  209  199  179  152  123   98   79
   65   53   43   34   27   23   20   20   22   25   29   31   33   33   31   28
   25   22   21   19   17   15   16   19   24   28   31   32   34   39   48   62
   80   99  118  135  144  147  145  144  146  153  162  168  169  167  165  165
  166  163  156  150  151  163  180  193  196
    40.0-180.0 180.0   5.0 450.0                            LAT/LON1/LON2/DLON/H
  226  215  204  201  206  216  224  230  235  235  229  212  188  162  138  117
   98   79   61   47   37   31   29   31   36   42   49   55   59   59   54   48
   41   37   35   34   32   29   28   30   35   38   40   40   41   47   58   73
   93  113  133  147  155  155  150  147  150  159  171  181  185  185  183  183
  183  178  170  163  168  185  208  224  226
    37.5-180.0 180.0   5.0 450.0                            LAT/LON1/LON2/DLON/H
  259  240  221  213  218  227  237  245  252  256  254  242  224  204  184  163
  140  115   92   75   64   57   55   57   64   73   82   89   93   92   85   74
   64   57   55   53   51   48   45   46   49   51   51   49   50   56   68   85
  105  126  144  156  162  161  156  154  157  167  182  194  201  202  200  200
  200  196  188  184  192  215  244  262  259
    35.0-180.0 180.0   5.0 450.0                            LAT/LON1/LON2/DLON/H
  297  269  240  225  225  233  242  251  261  269  271  265  253  240  226  208
  183  155  131  115  105   99   96   97  102  110  118  125  128  126  117  103
   89   80   76   75   73   69   65   64   64   64   62   59   59   65   77   95
  116  135  151  162  167  168  166  167  170  179  193  206  214  217  216  215
  216  215  212  212  225  254  286  305  297
    32.5-180.0 180.0   5.0 450.0                            LAT/LON1/LON2/DLON/H
  340  302  262  237  230  234  240  249  261  273  279  277  270  265  257  242
  218  191  172  161  155  149  143  139  140  145  150  154  156  154  145  130
  114  102   97   96   94   90   85   82   80   77   72   67   67   73   86  103
  123  140  155  165  172  178  184  188  192  196  205  216  227  231  231  230
  233  238  243  250  269  301  336  354  340
    30.0-180.0 180.0   5.0 450.0                            LAT/LON1/LON2/DLON/H
  390  343  291  253  235  230  231  240  256  273  281  280  277  276  273  261
  239  218  206  205  205  198  186  175  170  169  169  170  172  171  165  151
  135  122  115  113  111  107  103   98   94   87   80   73   72   79   91  108
  126  142  156  168  181  196  211  221  222  218  219  227  241  249  250  249
  254  267  282  299  322  356  392  408  390
    27.5-180.0 180.0   5.0 450.0                            LAT/LON1/LON2/DLON/H
  446  394  330  278  244  226  221  231  252  274  285  284  280  279  278  267
  248  233  232  242  246  236  214  195  183  178  175  173  174  178  177  167
  151  137  128  124  122  120  116  111  104   94   83   76   76   82   94  109
  125  141  157  173  195  222  250  265  261  245  234  240  259  275  279  278
  285  305  333  359  385  417  450  466  446
    25.0-180.0 180.0   5.0 450.0                            LAT/LON1/LON2/DLON/H
  508  454  381  313  261  228  216  228  258  288  302  298  289  285  281  268
  250  241  251  269  275  257  225  197  181  174  169  166  169  177  183  178
  165  149  138  132  129  127  124  120  110   96   83   76   76   84   95  108
  123  140  160  184  217  258  298  318  308  277  253  257  286  314  324  322
  329  357  395  429  455  481  509  525  508
    22.5-180.0 180.0   5.0 450.0                            LAT/LON1/LON2/DLON/H
  571  522  444  360  290  241  224  240  282  322  340  333  317  306  296  277
  257  251  268  291  293  264  220  185  169  165  161  158  163  176  188  189
  177  160  145  136  132  131  129  124  112   95   79   73   76   85   94  105
  120  141  167  202  247  302  354  377  358  310  274  280  323  369  388  385
  390  422  469  507  527  542  563  581  571
    20.0-180.0 180.0   5.0 450.0                            LAT/LON1/LON2/DLON/H
  633  593  514  418  331  269  248  272  327  380  404  395  373  353  333  306
  279  273  292  313  306  263  207  170  159  161  161  160  166  182  198  201
  190  172  154  141  135  134  133  127  111   91   74   70   76   86   94  102
  118  144  180  226  282  350  410  436  408  345  299  309  372  439  469  465
  466  498  550  588  597  596  608  630  633
    17.5-180.0 180.0   5.0 450.0                            LAT/LON1/LON2/DLON/H
  688  661  585  483  383  313  291  324  393  461  493  485  458  429  399  361
  326  315  331  344  324  265  200  164  163  174  179  178  183  199  215  218
  205  184  164  149  142  140  138  129  110   87   71   69   78   89   94  100
  116  150  197  254  320  395  462  488  453  379  326  345  429  520  561  556
  550  580  632  665  658  639  642  669  688
    15.0-180.0 180.0   5.0 450.0                            LAT/LON1/LON2/DLON/H
  732  721  652  547  444  371  352  393  474  554  595  591  562  528  488  440
  396  378  386  389  353  282  212  181  189  209  217  215  216  228  238  236
  220  197  176  162  154  150  146  134  111   85   70   71   83   93   95   97
  115  156  215  281  354  432  501  527  489  409  355  384  489  601  654  646
  632  657  706  730  707  668  662  697  732
    12.5-180.0 180.0   5.0 450.0                            LAT/LON1/LON2/DLON/H
  763  767  706  607  507  440  426  472  560  648  697  698  671  634  588  532
  481  456  456  447  399  319  249  225  242  266  272  265  260  263  265  254
  232  208  189  177  171  166  158  141  113   87   73   78   92   99   96   94
  113  162  230  305  379  456  523  550  513  435  384  423  544  673  733  722
  700  718  763  778  739  685  672  713  763
    10.0-180.0 180.0   5.0 450.0                            LAT/LON1/LON2/DLON/H
  783  797  745  656  569  513  505  552  637  726  779  787  764  728  679  619
  564  535  528  512  457  377  313  296  315  335  333  317  303  298  288  267
  238  213  199  193  190  185  173  150  118   91   80   88  102  104   94   88
  108  164  241  319  391  461  524  553  524  454  410  457  588  724  787  772
  743  755  794  802  753  690  675  723  783
     7.5-180.0 180.0   5.0 450.0                            LAT/LON1/LON2/DLON/H
  795  812  768  693  626  587  585  624  698  777  829  841  824  789  741  681
  627  598  589  571  519  447  393  381  396  403  386  359  338  325  305  272
  236  211  202  205  208  205  188  159  123   96   90  100  112  108   90   79
  100  161  244  323  390  450  506  538  521  466  433  483  613  748  808  788
  754  761  797  802  751  687  676  729  795
     5.0-180.0 180.0   5.0 450.0                            LAT/LON1/LON2/DLON/H
  803  818  778  720  677  658  659  685  736  797  842  855  839  807  760  705
  656  631  625  611  570  513  473  464  468  455  420  382  357  340  313  271
  228  201  198  209  221  220  201  165  127  101   98  111  119  108   83   68
   90  155  240  318  376  424  473  509  508  471  449  498  619  742  794  770
  733  738  772  779  734  681  680  739  803
     2.5-180.0 180.0   5.0 450.0                            LAT/LON1/LON2/DLON/H
  813  819  781  741  724  725  727  733  755  791  822  830  814  780  735  685
  644  626  625  621  596  561  537  528  517  482  429  384  359  344  316  268
  217  187  186  204  224  228  208  168  126  103  104  118  122  104   73   57
   80  147  233  306  355  391  432  472  486  470  459  503  605  709  750  723
  685  690  725  738  709  675  691  754  813
