Space weather/e1pg0770.15i
     1.0            IONOSPHERE MAPS     GPS                 IONEX VERSION / TYPE
ionmon v2.0         ESA/ESOC            18-mar-15 06:13     PGM / RUN BY / DATE 
ionex file containing 2-dimensional tec maps                COMMENT             
***  1-days TEC PREDICTION for doy 15077                    DESCRIPTION         
  2015     3    18     0     0     0                        EPOCH OF FIRST MAP  
  2015     3    19     0     0     0                        EPOCH OF LAST MAP   
  7200                                                      INTERVAL            
    13                                                      # OF MAPS IN FILE   
  NONE                                                      MAPPING FUNCTION    
     0.0                                                    ELEVATION CUTOFF    
predicted TEC values                                        OBSERVABLES USED    
  6371.0                                                    BASE RADIUS         
     2                                                      MAP DIMENSION       
   450.0 450.0   0.0                                        HGT1 / HGT2 / DHGT  
    87.5 -87.5  -2.5                                        LAT1 / LAT2 / DLAT  
  -180.0 180.0   5.0                                        LON1 / LON2 / DLON  
    -1                                                      EXPONENT            
tec values in 0.1 tec units;  9999, if no value available   COMMENT             
                                                            END OF HEADER       
[from data line 5148]
    13                                                      START OF TEC MAP    
  2015     3    19     0     0     0                        EPOCH OF CURRENT MAP
    87.5-180.0 180.0   5.0 450.0                            LAT/LON1/LON2/DLON/H
  122  121  121  120  120  119  119  118  118  117  116  116  115  115  114  114
  113  113  112  112  112  111  111  111  110  110  110  110  109  109  110  110
  110  110  110  111  111  112  112  113  114  114  115  116  117  117  118  119
  120  121  121  122  122  123  123  124  124  125  124  125  125  125  125  125
  125  124  124  124  123  123  123  122  122
    85.0-180.0 180.0   5.0 450.0                            LAT/LON1/LON2/DLON/H
  128  127  126  125  124  123  122  122  122  120  120  120  119  119  118  117
  117  116  115  114  113  113  112  111  109  109  108  107  106  106  105  104
  104  104  104  104  105  106  107  108  109  110  112  114  115  117  119  121
  122  124  126  127  128  129  130  131  132  132  132  133  133  133  133  133
  133  133  132  132  131  130  129  129  128
    82.5-180.0 180.0   5.0 450.0                            LAT/LON1/LON2/DLON/H
  135  134  132  132  131  130  129  129  128  128  128  128  127  127  127  127
  126  125  124  123  121  119  118  115  114  111  110  107  105  104  102  101
  100   99   98   98   98   99  100  101  103  104  107  109  112  114  117  120
  122  124  126  128  129  131  132  133  134  135  136  136  137  138  138  138
  139  139  139  139  138  137  137  136  135
    80.0-180.0 180.0   5.0 450.0                            LAT/LON1/LON2/DLON/H
  143  142  141  140  139  139  138  138  138  139  139  140  141  141  141  141
  140  139  137  135  132  130  126  123  119  116  112  110  107  104  101   99
   96   94   93   91   91   90   90   91   93   95   98  101  104  108  110  114
  116  119  121  123  124  126  127  129  129  131  132  133  136  137  138  140
  141  143  143  144  144  144  144  143  143
    77.5-180.0 180.0   5.0 450.0                            LAT/LON1/LON2/DLON/H
  151  150  149  149  148  148  149  149  150  151  153  154  156  157  157  157
  156  154  151  148  144  139  134  129  124  120  115  111  108  104  101   97
   94   91   87   85   83   81   80   79   81   83   86   89   93   97  100  104
  107  109  111  112  114  115  116  117  119  121  123  126  128  131  134  137
  140  143  145  147  149  150  151  151  151
    75.0-180.0 180.0   5.0 450.0                            LAT/LON1/LON2/DLON/H
  158  158  158  158  158  159  159  160  162  164  166  168  170  171  172  172
  170  167  163  158  151  144  137  131  124  119  114  110  106  103  100   97
   93   88   83   79   75   71   68   68   68   69   71   75   79   83   87   90
   93   95   97   98   99  100  102  103  106  108  112  116  120  124  129  133
  138  142  146  150  152  155  156  158  158
    72.5-180.0 180.0   5.0 450.0                            LAT/LON1/LON2/DLON/H
  165  166  166  167  167  168  169  170  172  174  177  179  181  182  182  181
  179  174  169  162  153  144  135  127  119  113  109  105  103  101   99   96
   92   87   81   75   69   63   58   56   55   55   57   61   65   69   73   76
   78   80   82   82   83   85   87   90   93   98  102  108  113  119  125  131
  136  142  147  152  155  159  161  163  165
    70.0-180.0 180.0   5.0 450.0                            LAT/LON1/LON2/DLON/H
  170  172  173  174  175  176  178  179  181  183  185  186  187  187  186  184
  181  176  170  161  151  140  129  119  110  105  100   98   97   97   96   94
   91   86   79   71   64   57   51   46   45   44   46   49   53   56   60   63
   65   66   68   69   71   74   77   81   87   93   99  105  112  119  126  132
  139  145  150  155  159  163  166  168  170
    67.5-180.0 180.0   5.0 450.0                            LAT/LON1/LON2/DLON/H
  176  178  180  181  182  184  185  187  188  189  189  189  188  187  185  183
  179  173  166  157  147  135  123  112  102   96   92   91   91   92   92   92
   89   85   78   70   62   53   46   41   38   37   38   40   44   47   50   53
   55   56   58   60   63   67   73   79   87   95  102  110  118  125  132  139
  145  151  156  161  164  168  171  174  176
    65.0-180.0 180.0   5.0 450.0                            LAT/LON1/LON2/DLON/H
  183  185  187  188  189  190  191  193  193  193  192  190  187  184  180  177
  173  169  163  155  145  134  121  110  100   92   88   86   87   88   89   89
   86   82   76   68   59   52   44   39   35   34   35   37   40   42   45   47
   49   51   53   56   61   67   75   84   94  103  113  122  130  137  144  150
  156  161  166  169  173  176  179  181  183
    62.5-180.0 180.0   5.0 450.0                            LAT/LON1/LON2/DLON/H
  194  195  197  197  197  198  198  199  198  197  194  191  185  179  174  170
  167  164  161  156  149  139  127  115  104   96   90   87   86   86   86   85
   82   78   72   65   58   51   45   40   37   36   36   37   40   42   44   45
   47   49   52   57   63   72   82   93  105  116  127  135  143  150  157  163
  168  174  178  181  184  186  189  192  194
    60.0-180.0 180.0   5.0 450.0                            LAT/LON1/LON2/DLON/H
  208  209  210  209  208  206  205  205  204  202  198  192  185  176  169  165
  162  162  162  161  157  149  139  127  115  106   98   92   88   86   83   80
   77   72   67   62   57   51   46   43   40   40   41   42   43   45   46   48
   49   51   55   60   68   78   90  103  117  129  140  148  156  163  170  175
  181  186  191  194  197  199  202  205  208
    57.5-180.0 180.0   5.0 450.0                            LAT/LON1/LON2/DLON/H
  225  227  227  224  221  216  213  212  210  207  203  196  186  176  168  162
  160  162  165  168  167  163  154  143  131  120  109  101   93   87   81   76
   70   65   61   58   55   52   49   47   46   46   47   48   50   51   52   53
   54   56   60   66   74   85   98  112  127  139  149  158  164  171  178  185
  192  198  202  207  210  214  218  221  225
    55.0-180.0 180.0   5.0 450.0                            LAT/LON1/LON2/DLON/H
  246  249  248  243  236  229  223  219  216  214  209  202  191  180  170  163
  162  164  169  174  176  174  167  157  146  133  121  109   98   88   79   71
   64   58   55   53   52   52   52   52   52   53   55   56   58   58   59   59
   60   63   67   73   81   92  104  119  133  145  154  162  168  174  182  190
  197  205  211  216  221  227  234  241  246
    52.5-180.0 180.0   5.0 450.0                            LAT/LON1/LON2/DLON/H
  268  272  270  264  253  242  233  227  223  221  217  210  199  187  176  168
  165  166  171  176  179  178  173  165  154  142  129  115  102   89   78   68
   59   54   52   51   52   54   55   57   58   60   62   64   66   67   67   67
   69   71   75   80   87   97  109  122  135  147  155  162  168  174  181  190
  199  207  214  221  229  238  248  259  268
    50.0-180.0 180.0   5.0 450.0                            LAT/LON1/LON2/DLON/H
  288  295  293  284  271  256  244  235  230  228  224  218  209  197  186  177
  171  171  172  175  177  175  171  164  154  143  130  117  103   90   78   68
   60   55   52   52   55   57   60   62   64   67   70   73   75   76   76   77
   78   81   84   87   93  101  112  125  137  148  155  161  166  172  180  189
  197  205  213  221  232  245  261  276  288
    47.5-180.0 180.0   5.0 450.0                            LAT/LON1/LON2/DLON/H
  305  314  313  304  287  270  255  244  237  234  232  227  219  210  199  189
  181  176  174  172  171  168  163  157  148  139  128  115  103   91   80   72
   65   60   58   59   61   64   66   68   71   74   78   81   83   84   85   86
   88   91   93   95   98  105  115  128  140  150  158  162  167  172  179  187
  195  202  210  219  232  249  269  289  305
    45.0-180.0 180.0   5.0 450.0                            LAT/LON1/LON2/DLON/H
  319  329  329  320  303  283  266  254  245  241  238  235  230  223  215  206
  196  187  180  173  168  162  156  149  141  133  123  113  103   94   86   80
   75   72   70   70   72   73   75   76   79   82   86   89   91   93   93   95
   97  100  101  101  103  108  118  131  144  155  162  166  170  175  182  188
  193  198  205  216  231  251  275  299  319
    42.5-180.0 180.0   5.0 450.0                            LAT/LON1/LON2/DLON/H
  327  339  339  330  315  297  279  265  255  250  245  244  242  239  233  226
  216  205  193  183  174  165  157  148  140  131  122  113  106  100   96   93
   90   88   86   85   86   86   86   86   87   90   94   98   99  100  101  103
  105  107  108  107  107  111  121  135  150  162  169  173  178  183  188  192
  194  198  205  216  234  256  281  307  327
    40.0-180.0 180.0   5.0 450.0                            LAT/LON1/LON2/DLON/H
  334  344  345  338  325  309  293  279  268  260  254  252  253  254  253  249
  241  229  217  206  194  183  172  160  149  138  129  121  115  112  110  109
  108  107  105  103  101  100   98   97   97   98  101  104  104  104  105  107
  110  112  111  110  108  112  123  139  156  169  176  182  187  193  197  199
  200  202  210  224  243  267  292  315  334
    37.5-180.0 180.0   5.0 450.0                            LAT/LON1/LON2/DLON/H
  342  349  349  344  335  323  310  297  284  274  267  264  265  268  272  272
  268  259  249  239  229  216  202  186  170  157  145  137  131  127  127  127
  127  126  123  120  117  113  110  107  106  106  108  108  108  107  107  108
  111  112  111  109  107  111  123  141  160  174  182  189  195  202  208  209
  209  213  224  241  263  287  309  328  342
    35.0-180.0 180.0   5.0 450.0                            LAT/LON1/LON2/DLON/H
  356  358  356  352  348  342  332  320  306  293  283  278  278  283  289  293
  292  288  283  278  271  259  242  221  201  183  168  158  151  146  144  144
  143  142  139  135  130  125  120  116  113  113  113  111  108  106  105  106
  108  109  107  104  102  107  121  141  161  176  186  193  202  211  218  221
  222  230  245  269  294  317  336  348  356
    32.5-180.0 180.0   5.0 450.0                            LAT/LON1/LON2/DLON/H
  378  375  370  368  368  365  358  347  332  318  305  297  294  297  303  309
  311  312  313  314  312  302  283  258  232  210  194  182  172  166  161  157
  155  153  150  146  140  134  128  123  120  118  116  112  108  104  101  102
  103  103  101   98   97  102  117  138  160  176  186  195  206  219  229  234
  239  252  275  306  336  359  373  378  378
    30.0-180.0 180.0   5.0 450.0                            LAT/LON1/LON2/DLON/H
  411  402  396  395  397  397  391  379  364  348  333  320  313  312  315  320
  322  326  332  338  341  333  314  287  258  233  215  203  192  182  173  166
  162  159  157  153  148  141  135  130  127  124  120  113  106  101   98   97
   98   97   95   92   91   98  113  136  159  176  187  196  211  228  242  251
  259  278  310  349  384  407  417  418  411
    27.5-180.0 180.0   5.0 450.0                            LAT/LON1/LON2/DLON/H
  456  444  435  434  436  438  431  418  400  383  367  352  339  331  328  327
  327  330  337  346  352  348  329  302  272  247  230  217  206  194  181  170
  164  161  160  157  153  147  142  137  134  131  125  117  107  100   97   95
   94   92   90   89   89   95  112  136  161  179  190  201  218  240  259  271
  284  308  347  393  432  458  468  466  456
    25.0-180.0 180.0   5.0 450.0                            LAT/LON1/LON2/DLON/H
  510  497  486  483  487  487  479  461  442  425  409  392  374  358  347  338
  332  329  332  341  347  344  329  304  276  252  236  224  214  201  185  171
  163  160  160  161  159  155  151  148  145  141  134  123  111  104   99   96
   94   91   89   89   90   98  114  141  169  188  200  211  231  257  281  296
  312  339  382  433  477  506  519  519  510
    22.5-180.0 180.0   5.0 450.0                            LAT/LON1/LON2/DLON/H
  569  557  545  541  544  543  531  510  488  472  458  441  420  398  379  361
  345  334  328  330  333  332  321  300  276  254  238  227  217  204  188  173
  164  161  163  165  166  166  165  163  161  156  147  134  121  111  106  102
   98   94   93   93   95  103  120  149  181  204  217  228  249  279  308  327
  343  370  414  466  513  546  565  573  569
    20.0-180.0 180.0   5.0 450.0                            LAT/LON1/LON2/DLON/H
  627  618  606  601  603  601  587  561  539  524  514  499  478  453  428  403
  378  354  337  328  325  324  318  304  284  262  244  231  221  208  193  178
  169  167  170  174  179  181  183  183  181  176  165  149  133  122  116  111
  106  101   99  100  103  109  128  160  198  225  239  250  272  306  339  360
  375  400  441  490  537  575  604  623  627
    17.5-180.0 180.0   5.0 450.0                            LAT/LON1/LON2/DLON/H
  679  673  660  655  658  657  641  615  591  580  575  565  547  523  497  468
  436  401  370  348  338  337  337  330  312  287  262  243  230  217  204  191
  182  180  183  189  197  203  206  207  204  197  185  167  149  136  128  122
  116  110  107  108  110  115  134  171  214  247  262  272  294  331  368  393
  407  427  461  505  551  593  633  665  679
    15.0-180.0 180.0   5.0 450.0                            LAT/LON1/LON2/DLON/H
  719  716  702  696  702  706  693  667  645  636  638  636  624  605  582  556
  521  478  434  399  381  380  385  384  366  333  296  266  248  235  224  213
  205  202  205  211  220  228  232  231  226  217  204  185  165  149  140  133
  126  118  115  113  113  117  137  178  227  266  283  291  312  349  392  420
  435  450  476  512  554  600  651  696  719
    12.5-180.0 180.0   5.0 450.0                            LAT/LON1/LON2/DLON/H
  744  743  727  721  731  743  737  715  695  691  698  705  702  692  677  657
  625  579  527  481  456  454  463  466  443  398  344  301  276  263  255  247
  240  236  235  240  249  256  258  253  243  233  219  200  179  161  149  141
  132  124  118  115  112  113  133  177  235  278  296  302  319  358  405  439
  455  467  486  514  551  599  658  713  744
    10.0-180.0 180.0   5.0 450.0                            LAT/LON1/LON2/DLON/H
  752  751  732  727  745  767  771  756  741  740  753  766  772  772  768  758
  733  689  634  582  552  548  560  561  531  471  399  344  313  301  296  290
  283  277  274  276  282  285  281  268  252  239  227  210  188  167  153  144
  135  127  119  113  106  104  124  172  234  282  300  301  315  355  406  446
  467  479  493  514  545  591  654  717  752
     7.5-180.0 180.0   5.0 450.0                            LAT/LON1/LON2/DLON/H
  745  742  721  718  743  778  795  789  777  779  795  813  827  835  842  842
  827  791  737  684  650  644  653  649  608  533  450  387  355  345  343  339
  333  325  320  319  320  316  300  275  251  235  226  213  192  170  153  142
  134  126  117  108   97   93  111  162  228  279  295  292  301  340  395  441
  468  484  497  513  537  580  643  708  745
     5.0-180.0 180.0   5.0 450.0                            LAT/LON1/LON2/DLON/H
  724  720  699  699  732  778  807  810  804  808  824  844  861  873  886  895
  890  863  816  764  729  717  720  706  654  570  482  421  395  391  391  389
  383  375  369  365  359  345  315  274  240  222  218  211  192  168  149  137
  130  122  113  102   89   82  100  151  218  270  285  278  282  318  374  425
  460  483  499  513  530  565  624  687  724
     2.5-180.0 180.0   5.0 450.0                            LAT/LON1/LON2/DLON/H
  692  690  672  675  715  772  811  822  820  824  839  857  872  884  897  910
  912  893  854  807  769  750  740  714  653  567  487  440  428  434  437  434
  427  421  417  413  402  375  326  268  222  203  204  204  189  164  142  129
  123  118  109   97   82   76   93  143  211  261  274  263  263  294  349  403
  445  476  497  510  521  547  598  657  692
