Space weather/e1pg0770.15i
     1.0            IONOSPHERE MAPS     GPS                 IONEX VERSION / TYPE
ionmon v2.0         ESA/ESOC            18-mar-15 06:13     PGM / RUN BY / DATE 
ionex file containing 2-dimensional tec maps                COMMENT             
***  1-days TEC PREDICTION for doy 15077                    DESCRIPTION         
  2015     3    18     0     0     0                        EPOCH OF FIRST MAP  
  2015     3    19     0     0     0                        EPOCH OF LAST MAP   
  7200                                                      INTERVAL            
    13                                                      # OF MAPS IN FILE   
  NONE                                                      MAPPING FUNCTION    
     0.0                                                    ELEVATION CUTOFF    
predicted TEC values                                        OBSERVABLES USED    
  6371.0                                                    BASE RADIUS         
     2                                                      MAP DIMENSION       
   450.0 450.0   0.0                                        HGT1 / HGT2 / DHGT  
    87.5 -87.5  -2.5                                        LAT1 / LAT2 / DLAT  
  -180.0 180.0   5.0                                        LON1 / LON2 / DLON  
    -1                                                      EXPONENT            
tec values in 0.1 tec units;  9999, if no value available   COMMENT             
                                                            END OF HEADER       
[from data line 4719]
    12                                                      START OF TEC MAP    
  2015     3    18    22     0     0                        EPOCH OF CURRENT MAP
    87.5-180.0 180.0   5.0 450.0                            LAT/LON1/LON2/DLON/H
  140  140  140  140  140  140  140  141  141  140  141  141  141  141  141  141
  141  141  141  141  141  141  140  140  140  139  139  139  139  138  137  137
  136  135  135  134  134  134  133  132  132  132  132  131  131  131  131  131
  132  132  132  132  133  133  133  134  135  135  136  137  137  137  138  138
  138  139  139  140  139  140  140  140  140
    85.0-180.0 180.0   5.0 450.0                            LAT/LON1/LON2/DLON/H
  140  140  139  140  139  140  139  140  139  140  140  141  141  142  142  142
  143  143  143  143  143  143  142  142  141  140  139  138  137  135  134  133
  131  130  129  127  126  124  123  121  120  119  119  118  117  117  117  117
  118  118  119  121  122  123  125  126  127  129  130  131  133  134  135  136
  137  137  138  139  139  139  140  140  140
    82.5-180.0 180.0   5.0 450.0                            LAT/LON1/LON2/DLON/H
  138  139  138  138  138  138  138  139  139  140  141  141  142  144  145  146
  147  147  148  148  147  147  145  144  142  141  139  136  134  132  130  128
  125  122  120  117  115  112  109  106  104  102  100   99  100  100  100  100
  101  101  102  104  106  108  111  113  116  119  121  124  126  128  130  132
  134  134  136  137  138  138  139  139  138
    80.0-180.0 180.0   5.0 450.0                            LAT/LON1/LON2/DLON/H
  138  139  139  139  139  139  140  140  141  142  144  145  148  149  151  153
  155  155  155  155  154  152  150  147  144  140  136  133  130  126  123  120
  117  114  110  106  102   98   94   89   86   86   86   85   85   84   84   84
   84   84   85   85   87   90   94   98  102  106  109  112  116  119  122  124
  127  130  131  133  135  136  137  138  138
    77.5-180.0 180.0   5.0 450.0                            LAT/LON1/LON2/DLON/H
  140  141  142  143  143  143  144  145  146  148  150  153  156  159  162  164
  165  166  167  165  163  159  154  150  144  138  132  127  122  119  115  112
  108  104  100   96   91   86   80   74   72   71   71   69   68   68   67   67
   67   67   67   67   69   74   79   82   87   91   95   99  103  107  111  114
  118  122  125  128  131  134  136  138  140
    75.0-180.0 180.0   5.0 450.0                            LAT/LON1/LON2/DLON/H
  141  144  146  147  149  150  151  152  154  157  159  162  167  170  173  176
  178  179  178  175  171  166  159  151  143  135  127  120  114  109  106  103
  100   96   93   89   83   77   70   62   59   58   56   55   54   53   52   52
   51   51   51   52   56   61   66   70   74   78   82   87   90   95   99  104
  108  113  118  122  127  131  135  138  141
    72.5-180.0 180.0   5.0 450.0                            LAT/LON1/LON2/DLON/H
  144  147  151  154  156  158  159  161  163  166  169  173  176  180  184  187
  189  189  188  184  179  172  162  153  142  131  121  113  107  101   98   95
   93   91   89   85   79   73   65   56   48   46   44   43   42   41   41   41
   41   41   41   46   51   56   59   63   66   69   72   76   80   85   90   95
  100  106  111  117  123  128  134  139  144
    70.0-180.0 180.0   5.0 450.0                            LAT/LON1/LON2/DLON/H
  145  151  155  159  162  165  167  170  172  175  178  181  184  188  191  193
  193  194  192  189  183  175  165  154  143  130  120  110  102   97   94   92
   91   90   88   84   79   72   65   56   47   38   37   36   35   35   35   36
   36   39   44   49   53   57   59   61   63   64   67   70   74   79   84   90
   96  102  108  114  121  127  133  139  145
    67.5-180.0 180.0   5.0 450.0                            LAT/LON1/LON2/DLON/H
  148  154  158  163  167  170  173  176  179  182  184  187  189  191  192  193
  193  192  191  188  184  177  169  158  146  134  122  112  104   98   94   93
   92   90   88   85   81   75   67   59   50   42   35   34   34   34   34   37
   43   49   55   59   62   64   64   64   65   65   67   69   74   79   84   90
   97  103  108  115  121  128  135  141  148
    65.0-180.0 180.0   5.0 450.0                            LAT/LON1/LON2/DLON/H
  151  157  162  167  171  174  178  181  184  187  189  191  191  191  190  189
  188  186  185  184  181  178  172  163  154  142  131  120  112  105  101   98
   95   93   91   86   82   76   70   62   55   49   44   41   40   42   46   51
   58   63   69   72   73   73   72   70   69   69   70   73   78   83   90   97
  103  109  115  121  126  132  139  145  151
    62.5-180.0 180.0   5.0 450.0                            LAT/LON1/LON2/DLON/H
  158  163  167  171  175  179  182  186  189  191  193  194  192  190  187  183
  180  178  177  177  177  177  175  171  164  155  145  134  125  117  110  105
  100   95   91   86   81   76   70   65   60   56   52   51   52   55   59   66
   71   77   80   83   83   82   79   76   75   74   75   79   85   91   99  107
  114  119  125  130  135  141  146  153  158
    60.0-180.0 180.0   5.0 450.0                            LAT/LON1/LON2/DLON/H
  169  173  176  179  182  185  189  192  194  197  197  197  194  190  184  179
  173  169  168  170  173  177  179  179  176  169  160  150  140  130  121  113
  105   97   90   83   77   73   69   66   63   61   59   59   60   65   70   75
   81   86   88   90   89   87   84   81   80   79   81   85   92  100  109  117
  126  131  137  142  147  153  159  165  169
    57.5-180.0 180.0   5.0 450.0                            LAT/LON1/LON2/DLON/H
  185  188  190  191  193  196  198  200  203  203  204  202  198  193  185  177
  170  165  163  166  170  176  182  185  185  181  174  164  153  141  130  119
  108   96   87   78   72   68   65   64   63   63   63   64   66   70   75   81
   86   89   91   92   90   89   87   85   83   83   85   90   97  107  117  127
  136  143  149  155  161  168  175  180  185
    55.0-180.0 180.0   5.0 450.0                            LAT/LON1/LON2/DLON/H
  204  208  209  209  210  211  213  214  213  213  212  210  205  200  192  182
  173  166  163  163  168  175  182  187  189  187  181  172  161  148  135  122
  108   95   83   74   67   63   62   62   63   64   64   66   68   72   77   82
   86   88   90   90   90   88   87   86   85   85   88   93  101  111  122  134
  143  152  159  166  174  183  192  199  204
    52.5-180.0 180.0   5.0 450.0                            LAT/LON1/LON2/DLON/H
  225  229  231  231  231  232  232  230  228  225  222  219  215  209  201  192
  181  173  167  166  169  174  180  185  188  187  182  174  164  151  137  122
  108   94   82   73   67   64   62   63   64   65   65   67   70   73   78   82
   84   86   87   87   86   87   86   87   87   87   89   94  102  113  125  137
  148  156  164  173  184  196  208  218  225
    50.0-180.0 180.0   5.0 450.0                            LAT/LON1/LON2/DLON/H
  244  250  253  255  256  256  254  250  245  239  234  229  225  219  213  204
  194  184  177  172  171  174  177  180  182  182  179  172  162  150  136  122
  109   96   85   75   70   67   67   68   68   68   68   70   72   76   80   82
   84   85   85   85   86   86   88   88   89   89   91   95  102  113  126  138
  149  158  166  177  189  205  221  234  244
    47.5-180.0 180.0   5.0 450.0                            LAT/LON1/LON2/DLON/H
  259  268  273  277  279  279  276  271  263  254  245  239  234  230  225  216
  207  198  189  183  179  178  177  177  178  178  175  169  160  149  137  124
  112  101   92   85   81   79   78   78   77   75   75   75   77   81   84   86
   87   87   86   86   87   88   90   91   91   91   92   96  103  114  127  139
  149  158  166  177  191  209  228  245  259
    45.0-180.0 180.0   5.0 450.0                            LAT/LON1/LON2/DLON/H
  268  280  289  295  299  301  298  291  281  269  259  250  244  239  235  229
  220  212  205  199  193  189  185  182  180  179  178  173  164  154  141  130
  120  112  106  101   97   96   94   92   90   87   84   85   87   90   92   93
   93   92   91   91   91   93   94   95   95   94   94   97  105  116  129  141
  151  158  165  175  189  209  230  251  268
    42.5-180.0 180.0   5.0 450.0                            LAT/LON1/LON2/DLON/H
  272  288  300  309  315  318  316  309  297  284  272  261  253  248  243  238
  232  226  222  219  214  209  203  197  195  193  190  185  176  165  152  142
  133  127  123  119  117  115  113  109  105  100   97   97   98  100  101  102
  100   99   98   97   97   98   98   98   97   96   96  100  107  120  133  146
  154  160  166  174  188  207  229  253  272
    40.0-180.0 180.0   5.0 450.0                            LAT/LON1/LON2/DLON/H
  276  293  307  319  327  331  330  324  313  301  287  274  264  257  251  246
  242  241  242  244  244  240  233  226  222  219  215  209  198  184  169  157
  149  144  141  138  136  133  131  126  121  116  111  110  110  110  110  109
  107  105  104  103  102  101  101  100   99   97   97  101  110  124  138  151
  160  165  170  177  189  207  230  254  276
    37.5-180.0 180.0   5.0 450.0                            LAT/LON1/LON2/DLON/H
  282  301  316  328  337  341  341  337  329  318  304  290  277  267  259  255
  253  256  264  272  279  278  272  264  258  255  250  240  225  207  189  175
  165  160  157  154  151  148  145  140  135  129  125  122  121  119  117  114
  111  109  107  107  104  103  102  100   98   97   97  101  112  127  143  156
  165  171  176  183  195  212  235  259  282
    35.0-180.0 180.0   5.0 450.0                            LAT/LON1/LON2/DLON/H
  296  315  329  341  348  352  353  350  345  338  326  311  295  282  272  266
  265  272  285  302  314  317  313  306  300  295  288  274  254  230  208  190
  179  172  168  164  161  157  154  150  146  142  137  134  131  126  121  116
  112  110  109  108  105  102  100   98   97   94   95  100  112  129  145  159
  170  178  185  195  207  226  248  272  296
    32.5-180.0 180.0   5.0 450.0                            LAT/LON1/LON2/DLON/H
  320  338  351  360  365  367  367  366  365  361  351  335  317  300  289  281
  281  289  307  329  345  351  348  341  336  331  321  302  276  247  221  200
  188  180  175  170  165  161  158  156  154  151  148  145  140  132  125  117
  112  110  109  107  103  100   97   97   94   92   92   97  110  128  145  160
  172  183  195  210  226  246  270  296  320
    30.0-180.0 180.0   5.0 450.0                            LAT/LON1/LON2/DLON/H
  355  372  382  387  389  388  386  387  388  387  378  362  342  324  310  302
  300  308  326  349  366  373  369  364  360  355  343  320  288  255  226  205
  192  184  178  172  165  161  159  159  161  161  160  157  151  142  131  122
  115  112  110  107  102   98   96   95   93   90   88   93  107  126  144  159
  172  187  206  227  250  274  302  329  355
    27.5-180.0 180.0   5.0 450.0                            LAT/LON1/LON2/DLON/H
  397  414  421  424  422  418  415  414  416  417  408  390  369  350  337  328
  324  329  345  364  377  380  375  371  370  367  353  326  290  253  224  205
  194  187  181  174  167  162  161  164  167  171  173  171  165  155  143  132
  124  119  115  109  104   99   97   96   93   88   85   90  106  126  144  158
  172  191  216  245  275  305  338  370  397
    25.0-180.0 180.0   5.0 450.0                            LAT/LON1/LON2/DLON/H
  441  459  466  465  463  457  452  449  449  448  438  418  396  379  368  359
  354  354  363  375  380  376  367  365  369  369  354  323  284  247  220  205
  198  194  189  183  175  169  168  171  177  183  187  188  184  174  161  150
  141  132  125  117  109  103  101   99   95   88   83   89  106  129  148  161
  174  196  227  263  299  336  374  411  441
    22.5-180.0 180.0   5.0 450.0                            LAT/LON1/LON2/DLON/H
  483  502  508  508  507  503  497  491  488  482  468  447  425  410  402  396
  389  385  385  387  381  367  356  357  366  370  356  322  279  243  220  210
  208  208  206  199  191  185  183  185  191  198  204  208  206  198  187  175
  163  153  141  129  118  111  108  105   98   88   82   88  109  136  157  170
  183  204  239  280  320  362  405  449  483
    20.0-180.0 180.0   5.0 450.0                            LAT/LON1/LON2/DLON/H
  516  537  546  549  553  553  547  537  528  516  499  476  455  444  441  439
  432  424  417  408  391  369  355  359  375  383  368  331  285  250  232  227
  230  232  231  227  220  213  208  207  209  215  222  228  230  224  215  203
  190  175  158  143  130  121  116  110  100   87   80   87  114  147  173  188
  198  219  254  295  338  381  429  477  516
    17.5-180.0 180.0   5.0 450.0                            LAT/LON1/LON2/DLON/H
  537  561  573  582  593  601  597  585  569  552  530  505  487  481  485  488
  483  473  463  446  421  393  377  385  406  418  399  356  308  274  259  259
  263  267  268  265  259  252  244  235  231  233  241  248  250  247  239  229
  215  197  175  156  141  130  123  114  100   84   76   87  119  161  193  211
  221  240  272  312  351  393  442  495  537
    15.0-180.0 180.0   5.0 450.0                            LAT/LON1/LON2/DLON/H
  547  574  589  606  627  644  644  630  609  586  562  539  524  524  535  544
  543  535  525  506  477  446  431  442  467  476  452  401  348  314  302  304
  309  311  312  310  307  299  286  270  257  252  256  262  265  261  255  246
  231  211  187  165  149  138  127  115   97   79   69   83  122  174  215  237
  249  267  295  328  361  398  447  501  547
    12.5-180.0 180.0   5.0 450.0                            LAT/LON1/LON2/DLON/H
  549  577  595  619  651  678  684  668  643  619  595  575  566  573  589  604
  608  607  601  586  558  529  517  530  554  556  521  460  402  368  357  359
  361  359  358  358  358  350  332  307  284  272  270  273  272  266  260  251
  236  215  190  168  153  141  129  113   92   71   61   77  122  182  233  263
  278  295  319  345  369  400  445  501  549
    10.0-180.0 180.0   5.0 450.0                            LAT/LON1/LON2/DLON/H
  546  574  594  623  665  701  712  697  671  647  628  615  613  625  646  665
  676  682  685  678  658  633  624  637  654  644  594  522  459  425  417  416
  413  406  402  404  406  399  378  345  313  292  284  279  272  260  251  242
  229  209  185  165  151  140  128  109   86   63   53   70  118  185  245  282
  303  321  343  362  378  401  442  497  546
     7.5-180.0 180.0   5.0 450.0                            LAT/LON1/LON2/DLON/H
  542  570  589  621  669  713  729  716  691  671  661  657  661  678  702  724
  740  754  767  771  760  742  735  745  750  724  658  575  508  476  470  468
  460  446  439  442  448  444  420  380  341  314  299  286  268  248  232  223
  212  195  172  155  145  137  124  105   81   58   49   63  112  181  247  293
  320  342  363  377  386  403  441  495  542
     5.0-180.0 180.0   5.0 450.0                            LAT/LON1/LON2/DLON/H
  542  566  582  613  665  713  734  724  704  692  691  696  708  727  751  774
  793  813  834  848  847  836  831  832  824  779  698  606  540  513  511  509
  496  477  466  470  479  477  452  410  367  337  318  297  267  234  212  200
  191  176  157  143  136  131  120  101   79   57   48   59  104  172  241  293
  327  353  376  389  394  407  443  496  542
     2.5-180.0 180.0   5.0 450.0                            LAT/LON1/LON2/DLON/H
  544  564  575  603  654  705  729  724  710  708  718  733  750  768  790  811
  830  852  877  897  902  896  890  884  860  799  706  611  550  531  536  536
  521  498  485  488  498  497  473  431  389  362  342  315  272  227  194  180
  172  159  142  131  127  124  115   99   80   60   50   58   97  160  228  283
  323  354  380  394  400  413  449  501  544
